	Ch0	Gen
	18:31.0	18:31.0
	4.00E-05	4.00E-05
		
Time	Ch0	Gen
0	1.61E-01	9.86E-01
0.00004	-1.82E-03	9.77E-01
0.00008	-2.14E-03	9.68E-01
0.00012	-2.47E-03	9.58E-01
0.00016	-2.14E-03	9.50E-01
0.0002	-1.82E-03	9.41E-01
0.00024	-1.82E-03	9.32E-01
0.00028	-1.82E-03	9.24E-01
0.00032	-1.16E-03	9.17E-01
0.00036	-2.79E-03	9.08E-01
0.0004	-3.45E-03	9.01E-01
0.00044	-1.49E-03	8.93E-01
0.00048	-2.47E-03	8.86E-01
0.00052	-1.49E-03	8.78E-01
0.00056	-2.79E-03	8.70E-01
0.0006	-1.82E-03	8.63E-01
0.00064	-2.14E-03	8.56E-01
0.00068	-1.49E-03	8.49E-01
0.00072	-2.47E-03	8.42E-01
0.00076	-2.14E-03	8.35E-01
0.0008	-2.79E-03	8.27E-01
0.00084	-1.49E-03	8.20E-01
0.00088	-2.14E-03	8.14E-01
0.00092	-2.14E-03	8.07E-01
0.00096	-2.14E-03	8.00E-01
0.001	-1.82E-03	7.93E-01
0.00104	-2.14E-03	7.86E-01
0.00108	-1.82E-03	7.80E-01
0.00112	-2.14E-03	7.74E-01
0.00116	-2.14E-03	7.68E-01
0.0012	-2.79E-03	7.61E-01
0.00124	-2.47E-03	7.55E-01
0.00128	-2.79E-03	7.48E-01
0.00132	-1.49E-03	7.42E-01
0.00136	-1.49E-03	7.36E-01
0.0014	-1.49E-03	7.30E-01
0.00144	-2.47E-03	7.24E-01
0.00148	-1.82E-03	7.18E-01
0.00152	-1.82E-03	7.12E-01
0.00156	-2.14E-03	7.06E-01
0.0016	-1.49E-03	7.00E-01
0.00164	-2.47E-03	6.94E-01
0.00168	-1.49E-03	6.90E-01
0.00172	-1.49E-03	6.83E-01
0.00176	-8.37E-04	6.78E-01
0.0018	-2.14E-03	6.72E-01
0.00184	-1.49E-03	6.66E-01
0.00188	-1.49E-03	6.61E-01
0.00192	-2.14E-03	6.55E-01
0.00196	-1.49E-03	6.50E-01
0.002	-2.79E-03	6.45E-01
0.00204	-2.47E-03	6.40E-01
0.00208	-1.82E-03	6.34E-01
0.00212	-1.82E-03	6.29E-01
0.00216	-1.82E-03	6.25E-01
0.0022	-2.79E-03	6.18E-01
0.00224	-2.14E-03	6.13E-01
0.00228	-1.82E-03	6.09E-01
0.00232	-2.47E-03	6.04E-01
0.00236	-2.47E-03	5.99E-01
0.0024	-2.79E-03	5.94E-01
0.00244	-2.14E-03	5.89E-01
0.00248	-1.82E-03	5.84E-01
0.00252	-1.82E-03	5.79E-01
0.00256	-1.16E-03	5.75E-01
0.0026	-2.14E-03	5.70E-01
0.00264	-1.49E-03	5.66E-01
0.00268	-2.47E-03	5.61E-01
0.00272	-1.49E-03	5.57E-01
0.00276	-2.14E-03	5.52E-01
0.0028	-2.47E-03	5.48E-01
0.00284	-1.82E-03	5.43E-01
0.00288	-2.47E-03	5.38E-01
0.00292	-1.82E-03	5.34E-01
0.00296	-1.49E-03	5.30E-01
0.003	-1.49E-03	5.26E-01
0.00304	-2.14E-03	5.21E-01
0.00308	-1.49E-03	5.17E-01
0.00312	-2.47E-03	5.13E-01
0.00316	-1.49E-03	5.08E-01
0.0032	-2.47E-03	5.04E-01
0.00324	-1.16E-03	5.01E-01
0.00328	-2.47E-03	4.97E-01
0.00332	-1.82E-03	4.93E-01
0.00336	-2.14E-03	4.89E-01
0.0034	-1.49E-03	4.85E-01
0.00344	-2.47E-03	4.81E-01
0.00348	-1.49E-03	4.77E-01
0.00352	-2.14E-03	4.73E-01
0.00356	-2.79E-03	4.69E-01
0.0036	-2.14E-03	4.66E-01
0.00364	-2.79E-03	4.61E-01
0.00368	-2.14E-03	4.58E-01
0.00372	-1.82E-03	4.54E-01
0.00376	-1.49E-03	4.50E-01
0.0038	-2.14E-03	4.46E-01
0.00384	-2.47E-03	4.44E-01
0.00388	-1.49E-03	4.40E-01
0.00392	-2.47E-03	4.36E-01
0.00396	-1.82E-03	4.32E-01
0.004	-1.49E-03	4.29E-01
0.00404	-1.16E-03	4.26E-01
0.00408	-1.82E-03	4.22E-01
0.00412	-2.14E-03	4.18E-01
0.00416	-2.79E-03	4.16E-01
0.0042	-2.14E-03	4.12E-01
0.00424	-1.49E-03	4.09E-01
0.00428	-2.47E-03	4.06E-01
0.00432	-2.79E-03	4.02E-01
0.00436	-2.14E-03	3.99E-01
0.0044	-2.14E-03	3.95E-01
0.00444	-8.37E-04	3.92E-01
0.00448	-2.14E-03	3.89E-01
0.00452	-8.37E-04	3.86E-01
0.00456	-2.47E-03	3.83E-01
0.0046	-1.82E-03	3.80E-01
0.00464	-2.47E-03	3.77E-01
0.00468	-1.49E-03	3.74E-01
0.00472	-2.47E-03	3.71E-01
0.00476	-1.49E-03	3.68E-01
0.0048	-2.47E-03	3.65E-01
0.00484	-1.16E-03	3.62E-01
0.00488	-2.14E-03	3.59E-01
0.00492	-2.14E-03	3.56E-01
0.00496	-1.82E-03	3.54E-01
0.005	-1.49E-03	3.50E-01
0.00504	-2.14E-03	3.47E-01
0.00508	-1.49E-03	3.45E-01
0.00512	-2.79E-03	3.42E-01
0.00516	-2.79E-03	3.39E-01
0.0052	-1.82E-03	3.37E-01
0.00524	-2.14E-03	3.34E-01
0.00528	-1.49E-03	3.32E-01
0.00532	-2.47E-03	3.28E-01
0.00536	-1.82E-03	3.26E-01
0.0054	-2.14E-03	3.24E-01
0.00544	-2.14E-03	3.21E-01
0.00548	-2.14E-03	3.18E-01
0.00552	-2.79E-03	3.16E-01
0.00556	-1.82E-03	3.13E-01
0.0056	-3.12E-03	3.11E-01
0.00564	-2.79E-03	3.08E-01
0.00568	-1.49E-03	3.05E-01
0.00572	-1.82E-03	3.02E-01
0.00576	-3.12E-03	3.01E-01
0.0058	-1.82E-03	2.99E-01
0.00584	-1.49E-03	2.96E-01
0.00588	-1.49E-03	2.94E-01
0.00592	-1.82E-03	2.91E-01
0.00596	-1.82E-03	2.88E-01
0.006	-2.14E-03	2.87E-01
0.00604	-3.12E-03	2.84E-01
0.00608	-2.14E-03	2.82E-01
0.00612	-2.47E-03	2.80E-01
0.00616	-1.82E-03	2.78E-01
0.0062	-1.49E-03	2.75E-01
0.00624	-1.82E-03	2.72E-01
0.00628	-2.14E-03	2.71E-01
0.00632	-2.79E-03	2.69E-01
0.00636	-1.49E-03	2.66E-01
0.0064	-1.82E-03	2.65E-01
0.00644	-2.47E-03	2.63E-01
0.00648	-1.82E-03	2.60E-01
0.00652	-1.16E-03	2.59E-01
0.00656	-2.14E-03	2.56E-01
0.0066	-1.49E-03	2.54E-01
0.00664	-2.14E-03	2.51E-01
0.00668	-2.47E-03	2.50E-01
0.00672	-2.79E-03	2.48E-01
0.00676	-2.14E-03	2.47E-01
0.0068	-1.49E-03	2.44E-01
0.00684	-2.14E-03	2.42E-01
0.00688	-2.47E-03	2.40E-01
0.00692	-1.49E-03	2.38E-01
0.00696	-2.14E-03	2.37E-01
0.007	-2.14E-03	2.34E-01
0.00704	-2.14E-03	2.33E-01
0.00708	-2.47E-03	2.30E-01
0.00712	-1.82E-03	2.29E-01
0.00716	-2.47E-03	2.27E-01
0.0072	-1.82E-03	2.24E-01
0.00724	-2.14E-03	2.24E-01
0.00728	-1.49E-03	2.22E-01
0.00732	-2.79E-03	2.20E-01
0.00736	-2.47E-03	2.18E-01
0.0074	-1.82E-03	2.17E-01
0.00744	-2.79E-03	2.14E-01
0.00748	-1.16E-03	2.12E-01
0.00752	-2.47E-03	2.11E-01
0.00756	-1.82E-03	2.09E-01
0.0076	-2.79E-03	2.09E-01
0.00764	-2.47E-03	2.07E-01
0.00768	-3.12E-03	2.05E-01
0.00772	-1.49E-03	2.02E-01
0.00776	-2.47E-03	2.01E-01
0.0078	-1.49E-03	2.00E-01
0.00784	-1.49E-03	1.98E-01
0.00788	-2.79E-03	1.97E-01
0.00792	-2.14E-03	1.95E-01
0.00796	-1.49E-03	1.93E-01
0.008	-2.47E-03	1.91E-01
0.00804	-2.14E-03	1.90E-01
0.00808	-1.49E-03	1.89E-01
0.00812	-1.49E-03	1.88E-01
0.00816	-2.47E-03	1.86E-01
0.0082	-2.79E-03	1.84E-01
0.00824	-1.82E-03	1.82E-01
0.00828	-1.49E-03	1.81E-01
0.00832	-2.47E-03	1.80E-01
0.00836	-2.14E-03	1.78E-01
0.0084	-3.45E-03	1.77E-01
0.00844	-1.82E-03	1.75E-01
0.00848	-1.82E-03	1.74E-01
0.00852	-2.47E-03	1.72E-01
0.00856	-1.82E-03	1.71E-01
0.0086	-1.82E-03	1.70E-01
0.00864	-2.14E-03	1.68E-01
0.00868	-1.49E-03	1.67E-01
0.00872	-2.47E-03	1.66E-01
0.00876	-2.47E-03	1.65E-01
0.0088	-2.14E-03	1.63E-01
0.00884	-1.82E-03	1.62E-01
0.00888	-2.47E-03	1.61E-01
0.00892	-2.14E-03	1.60E-01
0.00896	-1.49E-03	1.59E-01
0.009	-1.82E-03	1.57E-01
0.00904	-3.12E-03	1.55E-01
0.00908	-2.14E-03	1.54E-01
0.00912	-2.47E-03	1.53E-01
0.00916	-1.49E-03	1.52E-01
0.0092	-2.47E-03	1.51E-01
0.00924	-2.79E-03	1.49E-01
0.00928	-1.82E-03	1.49E-01
0.00932	-2.14E-03	1.47E-01
0.00936	-2.14E-03	1.47E-01
0.0094	-1.49E-03	1.45E-01
0.00944	-2.14E-03	1.43E-01
0.00948	-1.49E-03	1.42E-01
0.00952	-2.79E-03	1.42E-01
0.00956	-1.49E-03	1.41E-01
0.0096	-2.14E-03	1.39E-01
0.00964	-1.82E-03	1.38E-01
0.00968	-2.79E-03	1.37E-01
0.00972	-2.14E-03	1.36E-01
0.00976	-3.12E-03	1.34E-01
0.0098	-2.47E-03	1.33E-01
0.00984	-2.14E-03	1.33E-01
0.00988	-2.14E-03	1.32E-01
0.00992	-2.47E-03	1.31E-01
0.00996	-2.14E-03	1.30E-01
0.01	-3.12E-03	1.29E-01
0.01004	-2.14E-03	1.27E-01
0.01008	-2.47E-03	1.26E-01
0.01012	-2.79E-03	1.26E-01
0.01016	-1.82E-03	1.25E-01
0.0102	-2.14E-03	1.24E-01
0.01024	-2.14E-03	1.22E-01
0.01028	-2.14E-03	1.22E-01
0.01032	-2.47E-03	1.21E-01
0.01036	-1.82E-03	1.19E-01
0.0104	-2.14E-03	1.19E-01
0.01044	-2.79E-03	1.18E-01
0.01048	-2.47E-03	1.17E-01
0.01052	-2.14E-03	1.16E-01
0.01056	-2.79E-03	1.14E-01
0.0106	-2.14E-03	1.14E-01
0.01064	-1.82E-03	1.13E-01
0.01068	-2.14E-03	1.12E-01
0.01072	-2.47E-03	1.11E-01
0.01076	-2.14E-03	1.11E-01
0.0108	-2.14E-03	1.09E-01
0.01084	-1.49E-03	1.09E-01
0.01088	-2.14E-03	1.07E-01
0.01092	-2.47E-03	1.07E-01
0.01096	-2.14E-03	1.06E-01
0.011	-1.82E-03	1.05E-01
0.01104	-2.47E-03	1.05E-01
0.01108	-2.47E-03	1.04E-01
0.01112	-1.82E-03	1.03E-01
0.01116	-1.82E-03	1.02E-01
0.0112	-1.49E-03	1.02E-01
0.01124	-2.14E-03	1.01E-01
0.01128	-2.79E-03	9.96E-02
0.01132	-1.49E-03	9.86E-02
0.01136	-2.79E-03	9.79E-02
0.0114	-2.14E-03	9.70E-02
0.01144	-2.14E-03	9.63E-02
0.01148	-1.49E-03	9.63E-02
0.01152	-1.49E-03	9.50E-02
0.01156	-1.49E-03	9.34E-02
0.0116	-1.49E-03	9.34E-02
0.01164	-2.47E-03	9.31E-02
0.01168	-1.82E-03	9.14E-02
0.01172	-1.49E-03	9.11E-02
0.01176	-1.49E-03	9.01E-02
0.0118	-2.14E-03	8.95E-02
0.01184	-2.47E-03	8.82E-02
0.01188	-2.47E-03	8.82E-02
0.01192	-2.79E-03	8.72E-02
0.01196	-1.49E-03	8.65E-02
0.012	-1.49E-03	8.62E-02
0.01204	-1.82E-03	8.59E-02
0.01208	-1.49E-03	8.49E-02
0.01212	-2.79E-03	8.39E-02
0.01216	-2.79E-03	8.39E-02
0.0122	-2.47E-03	8.33E-02
0.01224	-1.49E-03	8.23E-02
0.01228	-2.14E-03	8.20E-02
0.01232	-2.14E-03	8.07E-02
0.01236	-1.82E-03	8.07E-02
0.0124	-2.47E-03	7.94E-02
0.01244	-2.79E-03	7.90E-02
0.01248	-1.49E-03	7.84E-02
0.01252	-5.11E-04	7.81E-02
0.01256	-5.11E-04	7.71E-02
0.0126	-2.47E-03	7.61E-02
0.01264	-2.14E-03	7.64E-02
0.01268	-3.12E-03	7.51E-02
0.01272	-2.14E-03	7.45E-02
0.01276	-1.82E-03	7.41E-02
0.0128	-1.82E-03	7.45E-02
0.01284	-2.47E-03	7.35E-02
0.01288	-2.47E-03	7.28E-02
0.01292	-1.82E-03	7.19E-02
0.01296	-2.47E-03	7.15E-02
0.013	-1.49E-03	7.12E-02
0.01304	-1.16E-03	7.02E-02
0.01308	-2.14E-03	6.89E-02
0.01312	-2.14E-03	6.93E-02
0.01316	-1.82E-03	6.83E-02
0.0132	-2.79E-03	6.79E-02
0.01324	-1.49E-03	6.70E-02
0.01328	-3.45E-03	6.63E-02
0.01332	-2.14E-03	6.60E-02
0.01336	-1.49E-03	6.53E-02
0.0134	-2.14E-03	6.50E-02
0.01344	-1.49E-03	6.44E-02
0.01348	-1.49E-03	6.40E-02
0.01352	-2.14E-03	6.37E-02
0.01356	-1.49E-03	6.37E-02
0.0136	-1.49E-03	6.21E-02
0.01364	-1.82E-03	6.24E-02
0.01368	-2.47E-03	6.14E-02
0.01372	-2.47E-03	6.11E-02
0.01376	-1.82E-03	6.11E-02
0.0138	-1.82E-03	6.01E-02
0.01384	-2.47E-03	5.98E-02
0.01388	-2.47E-03	5.91E-02
0.01392	-2.47E-03	5.91E-02
0.01396	-1.82E-03	5.78E-02
0.014	-1.82E-03	5.75E-02
0.01404	-2.14E-03	5.72E-02
0.01408	-1.49E-03	5.69E-02
0.01412	-1.82E-03	5.65E-02
0.01416	-1.82E-03	5.69E-02
0.0142	-1.49E-03	5.52E-02
0.01424	-2.47E-03	5.46E-02
0.01428	-2.47E-03	5.49E-02
0.01432	-2.14E-03	5.49E-02
0.01436	-2.47E-03	5.36E-02
0.0144	-8.37E-04	5.33E-02
0.01444	-2.14E-03	5.33E-02
0.01448	-2.47E-03	5.26E-02
0.01452	-2.14E-03	5.20E-02
0.01456	-1.49E-03	5.23E-02
0.0146	-1.16E-03	5.10E-02
0.01464	-1.82E-03	5.13E-02
0.01468	-1.82E-03	5.07E-02
0.01472	-1.82E-03	5.03E-02
0.01476	-2.47E-03	4.97E-02
0.0148	-2.79E-03	4.94E-02
0.01484	-1.82E-03	4.90E-02
0.01488	-2.47E-03	4.84E-02
0.01492	-2.79E-03	4.81E-02
0.01496	-1.49E-03	4.77E-02
0.015	-1.82E-03	4.68E-02
0.01504	-2.14E-03	4.64E-02
0.01508	-2.14E-03	4.64E-02
0.01512	-1.82E-03	4.64E-02
0.01516	-2.14E-03	4.58E-02
0.0152	-2.47E-03	4.51E-02
0.01524	-2.14E-03	4.48E-02
0.01528	-2.14E-03	4.48E-02
0.01532	-1.16E-03	4.51E-02
0.01536	-2.47E-03	4.42E-02
0.0154	-2.14E-03	4.35E-02
0.01544	-2.14E-03	4.35E-02
0.01548	-2.79E-03	4.28E-02
0.01552	-2.14E-03	4.19E-02
0.01556	-2.47E-03	4.25E-02
0.0156	-2.14E-03	4.22E-02
0.01564	-2.47E-03	4.15E-02
0.01568	-1.49E-03	4.12E-02
0.01572	-2.14E-03	4.09E-02
0.01576	-2.14E-03	4.09E-02
0.0158	-2.14E-03	4.06E-02
0.01584	-1.82E-03	4.02E-02
0.01588	-1.82E-03	3.99E-02
0.01592	-1.82E-03	3.93E-02
0.01596	-2.14E-03	3.83E-02
0.016	-2.14E-03	3.93E-02
0.01604	-1.82E-03	3.93E-02
0.01608	-2.47E-03	3.80E-02
0.01612	-2.79E-03	3.76E-02
0.01616	-2.14E-03	3.70E-02
0.0162	-2.79E-03	3.73E-02
0.01624	-1.82E-03	3.67E-02
0.01628	-2.14E-03	3.67E-02
0.01632	-2.47E-03	3.60E-02
0.01636	-1.49E-03	3.60E-02
0.0164	-2.14E-03	3.57E-02
0.01644	-2.14E-03	3.60E-02
0.01648	-1.82E-03	3.53E-02
0.01652	-1.49E-03	3.53E-02
0.01656	-2.47E-03	3.44E-02
0.0166	-1.82E-03	3.44E-02
0.01664	-1.82E-03	3.37E-02
0.01668	-1.49E-03	3.50E-02
0.01672	-1.49E-03	3.34E-02
0.01676	-1.49E-03	3.34E-02
0.0168	-2.79E-03	3.27E-02
0.01684	-2.14E-03	3.24E-02
0.01688	-1.82E-03	3.24E-02
0.01692	-2.47E-03	3.24E-02
0.01696	-1.16E-03	3.14E-02
0.017	-1.49E-03	3.18E-02
0.01704	-2.47E-03	3.24E-02
0.01708	-2.47E-03	3.08E-02
0.01712	-2.14E-03	3.11E-02
0.01716	-2.14E-03	3.01E-02
0.0172	-1.49E-03	3.01E-02
0.01724	-2.47E-03	3.01E-02
0.01728	-2.14E-03	3.01E-02
0.01732	-2.14E-03	2.92E-02
0.01736	-1.82E-03	2.88E-02
0.0174	-2.14E-03	2.98E-02
0.01744	-2.14E-03	2.92E-02
0.01748	-2.14E-03	2.85E-02
0.01752	-2.14E-03	2.79E-02
0.01756	-2.14E-03	2.79E-02
0.0176	-1.82E-03	2.85E-02
0.01764	-2.79E-03	2.75E-02
0.01768	-1.82E-03	2.72E-02
0.01772	-2.47E-03	2.65E-02
0.01776	-1.49E-03	2.65E-02
0.0178	-1.16E-03	2.65E-02
0.01784	-2.14E-03	2.65E-02
0.01788	-1.82E-03	2.72E-02
0.01792	-1.82E-03	2.65E-02
0.01796	-2.47E-03	2.59E-02
0.018	-2.14E-03	2.56E-02
0.01804	-3.12E-03	2.59E-02
0.01808	-2.47E-03	2.56E-02
0.01812	-2.14E-03	2.49E-02
0.01816	-1.16E-03	2.49E-02
0.0182	-2.14E-03	2.49E-02
0.01824	-1.82E-03	2.43E-02
0.01828	-1.82E-03	2.46E-02
0.01832	-1.82E-03	2.33E-02
0.01836	-2.47E-03	2.39E-02
0.0184	-2.47E-03	2.36E-02
0.01844	-1.82E-03	2.30E-02
0.01848	-1.82E-03	2.39E-02
0.01852	-2.14E-03	2.26E-02
0.01856	-1.82E-03	2.26E-02
0.0186	-2.47E-03	2.23E-02
0.01864	-1.16E-03	2.30E-02
0.01868	-1.82E-03	2.20E-02
0.01872	-1.82E-03	2.23E-02
0.01876	-2.47E-03	2.17E-02
0.0188	-2.14E-03	2.20E-02
0.01884	-2.79E-03	2.17E-02
0.01888	-1.82E-03	2.07E-02
0.01892	-2.47E-03	2.17E-02
0.01896	-2.14E-03	2.17E-02
0.019	-2.47E-03	2.10E-02
0.01904	-1.49E-03	2.10E-02
0.01908	-1.49E-03	2.07E-02
0.01912	-1.49E-03	2.04E-02
0.01916	-2.14E-03	2.04E-02
0.0192	-2.47E-03	2.00E-02
0.01924	-2.79E-03	1.97E-02
0.01928	-2.14E-03	1.97E-02
0.01932	-2.14E-03	1.97E-02
0.01936	-2.14E-03	1.90E-02
0.0194	-2.47E-03	1.94E-02
0.01944	-1.82E-03	1.90E-02
0.01948	-2.14E-03	1.87E-02
0.01952	-2.79E-03	1.94E-02
0.01956	-3.12E-03	1.94E-02
0.0196	-1.82E-03	1.84E-02
0.01964	-3.12E-03	1.81E-02
0.01968	-2.79E-03	1.77E-02
0.01972	-1.49E-03	1.81E-02
0.01976	-2.47E-03	1.77E-02
0.0198	-1.82E-03	1.81E-02
0.01984	-2.14E-03	1.74E-02
0.01988	-1.82E-03	1.71E-02
0.01992	-2.47E-03	1.74E-02
0.01996	-1.82E-03	1.77E-02
0.02	-1.49E-03	1.64E-02
0.02004	-1.49E-03	1.68E-02
0.02008	-3.12E-03	1.68E-02
0.02012	-1.82E-03	1.71E-02
0.02016	-1.82E-03	1.61E-02
0.0202	-2.47E-03	1.74E-02
0.02024	-2.14E-03	1.64E-02
0.02028	-1.49E-03	1.61E-02
0.02032	-1.82E-03	1.55E-02
0.02036	-2.47E-03	1.64E-02
0.0204	-1.82E-03	1.61E-02
0.02044	-1.49E-03	1.61E-02
0.02048	-1.82E-03	1.55E-02
0.02052	-1.82E-03	1.58E-02
0.02056	-1.49E-03	1.51E-02
0.0206	-2.14E-03	1.51E-02
0.02064	-1.49E-03	1.48E-02
0.02068	-2.47E-03	1.45E-02
0.02072	-2.14E-03	1.55E-02
0.02076	-2.14E-03	1.48E-02
0.0208	-2.47E-03	1.38E-02
0.02084	-2.14E-03	1.42E-02
0.02088	-1.82E-03	1.45E-02
0.02092	-8.37E-04	1.42E-02
0.02096	-1.49E-03	1.35E-02
0.021	-2.14E-03	1.42E-02
0.02104	-1.82E-03	1.38E-02
0.02108	-2.14E-03	1.35E-02
0.02112	-1.16E-03	1.35E-02
0.02116	-1.49E-03	1.35E-02
0.0212	-2.14E-03	1.38E-02
0.02124	-2.47E-03	1.29E-02
0.02128	-2.14E-03	1.29E-02
0.02132	-1.82E-03	1.32E-02
0.02136	-2.14E-03	1.32E-02
0.0214	-1.82E-03	1.29E-02
0.02144	-2.14E-03	1.29E-02
0.02148	-2.47E-03	1.29E-02
0.02152	-1.49E-03	1.29E-02
0.02156	-2.47E-03	1.22E-02
0.0216	-1.82E-03	1.29E-02
0.02164	-2.14E-03	1.19E-02
0.02168	-1.82E-03	1.22E-02
0.02172	-2.79E-03	1.19E-02
0.02176	-2.47E-03	1.19E-02
0.0218	-1.49E-03	1.19E-02
0.02184	-2.14E-03	1.16E-02
0.02188	-1.16E-03	1.16E-02
0.02192	-2.14E-03	1.09E-02
0.02196	-2.79E-03	1.16E-02
0.022	-1.49E-03	1.16E-02
0.02204	-2.14E-03	1.09E-02
0.02208	-1.49E-03	1.06E-02
0.02212	-1.49E-03	1.12E-02
0.02216	-2.14E-03	1.06E-02
0.0222	-1.82E-03	1.12E-02
0.02224	-2.14E-03	1.06E-02
0.02228	-2.79E-03	1.02E-02
0.02232	-2.14E-03	1.12E-02
0.02236	-1.49E-03	1.06E-02
0.0224	-2.47E-03	1.02E-02
0.02244	-1.82E-03	9.92E-03
0.02248	-1.16E-03	1.02E-02
0.02252	-2.47E-03	1.02E-02
0.02256	-2.14E-03	9.92E-03
0.0226	-1.49E-03	9.59E-03
0.02264	-1.82E-03	9.27E-03
0.02268	-2.14E-03	9.27E-03
0.02272	-1.49E-03	9.59E-03
0.02276	-2.47E-03	9.27E-03
0.0228	-1.82E-03	8.94E-03
0.02284	-1.16E-03	9.59E-03
0.02288	-1.49E-03	9.27E-03
0.02292	-2.47E-03	9.59E-03
0.02296	-2.47E-03	8.94E-03
0.023	-1.49E-03	9.59E-03
0.02304	-1.49E-03	9.59E-03
0.02308	-1.82E-03	8.29E-03
0.02312	-1.49E-03	9.27E-03
0.02316	-1.82E-03	8.94E-03
0.0232	-2.14E-03	8.29E-03
0.02324	-1.49E-03	8.94E-03
0.02328	-2.14E-03	7.96E-03
0.02332	-1.49E-03	8.94E-03
0.02336	-1.82E-03	8.94E-03
0.0234	-1.16E-03	7.96E-03
0.02344	-2.14E-03	7.96E-03
0.02348	-2.79E-03	7.64E-03
0.02352	-2.14E-03	7.64E-03
0.02356	-1.49E-03	7.96E-03
0.0236	-1.49E-03	7.96E-03
0.02364	-1.82E-03	7.96E-03
0.02368	-2.47E-03	7.96E-03
0.02372	-2.47E-03	6.99E-03
0.02376	-2.14E-03	8.29E-03
0.0238	-2.14E-03	7.64E-03
0.02384	-1.82E-03	7.64E-03
0.02388	-1.49E-03	7.64E-03
0.02392	-2.47E-03	6.66E-03
0.02396	-1.82E-03	6.99E-03
0.024	-1.49E-03	7.96E-03
0.02404	-2.79E-03	7.96E-03
0.02408	-2.14E-03	6.99E-03
0.02412	-2.14E-03	6.99E-03
0.02416	-2.14E-03	6.99E-03
0.0242	-2.47E-03	7.64E-03
0.02424	-2.14E-03	6.33E-03
0.02428	-2.14E-03	6.33E-03
0.02432	-2.14E-03	6.66E-03
0.02436	-2.79E-03	6.33E-03
0.0244	-1.82E-03	6.33E-03
0.02444	-2.14E-03	6.66E-03
0.02448	-2.47E-03	6.33E-03
0.02452	-1.49E-03	6.33E-03
0.02456	-2.14E-03	7.31E-03
0.0246	-2.14E-03	6.33E-03
0.02464	-2.47E-03	6.01E-03
0.02468	-2.79E-03	5.36E-03
0.02472	-2.79E-03	5.68E-03
0.02476	-2.14E-03	6.33E-03
0.0248	-2.14E-03	5.36E-03
0.02484	-2.47E-03	5.68E-03
0.02488	-1.82E-03	6.01E-03
0.02492	-2.47E-03	6.66E-03
0.02496	-1.82E-03	5.68E-03
0.025	8.32E-01	8.29E-03
0.02504	9.96E-01	1.87E-02
0.02508	9.97E-01	2.75E-02
0.02512	9.98E-01	3.67E-02
0.02516	9.97E-01	4.64E-02
0.0252	9.97E-01	5.39E-02
0.02524	9.97E-01	6.24E-02
0.02528	9.97E-01	7.02E-02
0.02532	9.97E-01	7.94E-02
0.02536	9.97E-01	8.65E-02
0.0254	9.97E-01	9.47E-02
0.02544	9.98E-01	1.03E-01
0.02548	9.97E-01	1.10E-01
0.02552	9.97E-01	1.18E-01
0.02556	9.98E-01	1.24E-01
0.0256	9.97E-01	1.32E-01
0.02564	9.97E-01	1.40E-01
0.02568	9.98E-01	1.47E-01
0.02572	9.97E-01	1.55E-01
0.02576	9.96E-01	1.60E-01
0.0258	9.98E-01	1.68E-01
0.02584	9.97E-01	1.75E-01
0.02588	9.97E-01	1.82E-01
0.02592	9.97E-01	1.89E-01
0.02596	9.97E-01	1.95E-01
0.026	9.97E-01	2.02E-01
0.02604	9.97E-01	2.09E-01
0.02608	9.97E-01	2.15E-01
0.02612	9.97E-01	2.21E-01
0.02616	9.97E-01	2.28E-01
0.0262	9.97E-01	2.35E-01
0.02624	9.97E-01	2.40E-01
0.02628	9.97E-01	2.47E-01
0.02632	9.97E-01	2.53E-01
0.02636	9.97E-01	2.59E-01
0.0264	9.97E-01	2.66E-01
0.02644	9.97E-01	2.71E-01
0.02648	9.98E-01	2.77E-01
0.02652	9.97E-01	2.83E-01
0.02656	9.97E-01	2.90E-01
0.0266	9.97E-01	2.95E-01
0.02664	9.97E-01	3.01E-01
0.02668	9.97E-01	3.06E-01
0.02672	9.97E-01	3.12E-01
0.02676	9.97E-01	3.17E-01
0.0268	9.97E-01	3.24E-01
0.02684	9.97E-01	3.29E-01
0.02688	9.97E-01	3.34E-01
0.02692	9.97E-01	3.39E-01
0.02696	9.97E-01	3.45E-01
0.027	9.96E-01	3.50E-01
0.02704	9.97E-01	3.56E-01
0.02708	9.96E-01	3.61E-01
0.02712	9.97E-01	3.66E-01
0.02716	9.96E-01	3.71E-01
0.0272	9.97E-01	3.77E-01
0.02724	9.97E-01	3.81E-01
0.02728	9.97E-01	3.86E-01
0.02732	9.97E-01	3.91E-01
0.02736	9.97E-01	3.97E-01
0.0274	9.97E-01	4.01E-01
0.02744	9.97E-01	4.07E-01
0.02748	9.98E-01	4.11E-01
0.02752	9.98E-01	4.15E-01
0.02756	9.97E-01	4.20E-01
0.0276	9.97E-01	4.25E-01
0.02764	9.97E-01	4.29E-01
0.02768	9.97E-01	4.34E-01
0.02772	9.97E-01	4.39E-01
0.02776	9.98E-01	4.44E-01
0.0278	9.97E-01	4.48E-01
0.02784	9.96E-01	4.52E-01
0.02788	9.97E-01	4.57E-01
0.02792	9.97E-01	4.62E-01
0.02796	9.97E-01	4.66E-01
0.028	9.97E-01	4.69E-01
0.02804	9.97E-01	4.73E-01
0.02808	9.97E-01	4.78E-01
0.02812	9.97E-01	4.82E-01
0.02816	9.97E-01	4.87E-01
0.0282	9.97E-01	4.91E-01
0.02824	9.97E-01	4.95E-01
0.02828	9.97E-01	4.99E-01
0.02832	9.97E-01	5.02E-01
0.02836	9.97E-01	5.06E-01
0.0284	9.97E-01	5.11E-01
0.02844	9.97E-01	5.14E-01
0.02848	9.97E-01	5.18E-01
0.02852	9.97E-01	5.22E-01
0.02856	9.97E-01	5.26E-01
0.0286	9.97E-01	5.30E-01
0.02864	9.97E-01	5.33E-01
0.02868	9.97E-01	5.38E-01
0.02872	9.97E-01	5.41E-01
0.02876	9.97E-01	5.45E-01
0.0288	9.96E-01	5.48E-01
0.02884	9.97E-01	5.52E-01
0.02888	9.98E-01	5.57E-01
0.02892	9.96E-01	5.58E-01
0.02896	9.97E-01	5.63E-01
0.029	9.97E-01	5.66E-01
0.02904	9.98E-01	5.70E-01
0.02908	9.98E-01	5.73E-01
0.02912	9.98E-01	5.76E-01
0.02916	9.97E-01	5.80E-01
0.0292	9.97E-01	5.83E-01
0.02924	9.97E-01	5.87E-01
0.02928	9.97E-01	5.90E-01
0.02932	9.97E-01	5.94E-01
0.02936	9.98E-01	5.96E-01
0.0294	9.96E-01	5.99E-01
0.02944	9.97E-01	6.03E-01
0.02948	9.97E-01	6.06E-01
0.02952	9.97E-01	6.09E-01
0.02956	9.97E-01	6.12E-01
0.0296	9.97E-01	6.15E-01
0.02964	9.97E-01	6.19E-01
0.02968	9.97E-01	6.22E-01
0.02972	9.97E-01	6.24E-01
0.02976	9.97E-01	6.27E-01
0.0298	9.97E-01	6.30E-01
0.02984	9.96E-01	6.34E-01
0.02988	9.96E-01	6.36E-01
0.02992	9.97E-01	6.38E-01
0.02996	9.97E-01	6.42E-01
0.03	9.98E-01	6.45E-01
0.03004	9.97E-01	6.48E-01
0.03008	9.97E-01	6.50E-01
0.03012	9.97E-01	6.53E-01
0.03016	9.97E-01	6.56E-01
0.0302	9.96E-01	6.59E-01
0.03024	9.98E-01	6.62E-01
0.03028	9.97E-01	6.64E-01
0.03032	9.97E-01	6.66E-01
0.03036	9.97E-01	6.69E-01
0.0304	9.97E-01	6.72E-01
0.03044	9.97E-01	6.75E-01
0.03048	9.96E-01	6.77E-01
0.03052	9.97E-01	6.79E-01
0.03056	9.97E-01	6.82E-01
0.0306	9.98E-01	6.85E-01
0.03064	9.97E-01	6.87E-01
0.03068	9.97E-01	6.90E-01
0.03072	9.97E-01	6.92E-01
0.03076	9.97E-01	6.95E-01
0.0308	9.97E-01	6.97E-01
0.03084	9.97E-01	6.99E-01
0.03088	9.97E-01	7.02E-01
0.03092	9.97E-01	7.04E-01
0.03096	9.97E-01	7.06E-01
0.031	9.97E-01	7.09E-01
0.03104	9.97E-01	7.12E-01
0.03108	9.97E-01	7.14E-01
0.03112	9.97E-01	7.16E-01
0.03116	9.98E-01	7.18E-01
0.0312	9.97E-01	7.19E-01
0.03124	9.97E-01	7.23E-01
0.03128	9.97E-01	7.24E-01
0.03132	9.97E-01	7.27E-01
0.03136	9.97E-01	7.29E-01
0.0314	9.96E-01	7.31E-01
0.03144	9.96E-01	7.33E-01
0.03148	9.97E-01	7.35E-01
0.03152	9.98E-01	7.37E-01
0.03156	9.98E-01	7.39E-01
0.0316	9.97E-01	7.41E-01
0.03164	9.97E-01	7.43E-01
0.03168	9.97E-01	7.45E-01
0.03172	9.97E-01	7.47E-01
0.03176	9.97E-01	7.49E-01
0.0318	9.96E-01	7.52E-01
0.03184	9.97E-01	7.53E-01
0.03188	9.97E-01	7.55E-01
0.03192	9.97E-01	7.58E-01
0.03196	9.97E-01	7.59E-01
0.032	9.98E-01	7.61E-01
0.03204	9.97E-01	7.63E-01
0.03208	9.97E-01	7.65E-01
0.03212	9.98E-01	7.67E-01
0.03216	9.97E-01	7.68E-01
0.0322	9.97E-01	7.70E-01
0.03224	9.98E-01	7.71E-01
0.03228	9.98E-01	7.73E-01
0.03232	9.97E-01	7.76E-01
0.03236	9.97E-01	7.77E-01
0.0324	9.96E-01	7.80E-01
0.03244	9.97E-01	7.80E-01
0.03248	9.98E-01	7.82E-01
0.03252	9.97E-01	7.84E-01
0.03256	9.97E-01	7.85E-01
0.0326	9.96E-01	7.88E-01
0.03264	9.98E-01	7.89E-01
0.03268	9.97E-01	7.91E-01
0.03272	9.97E-01	7.92E-01
0.03276	9.96E-01	7.94E-01
0.0328	9.97E-01	7.96E-01
0.03284	9.97E-01	7.98E-01
0.03288	9.97E-01	7.99E-01
0.03292	9.98E-01	8.01E-01
0.03296	9.97E-01	8.02E-01
0.033	9.97E-01	8.04E-01
0.03304	9.97E-01	8.05E-01
0.03308	9.96E-01	8.07E-01
0.03312	9.98E-01	8.08E-01
0.03316	9.96E-01	8.10E-01
0.0332	9.97E-01	8.11E-01
0.03324	9.98E-01	8.12E-01
0.03328	9.97E-01	8.14E-01
0.03332	9.97E-01	8.15E-01
0.03336	9.97E-01	8.17E-01
0.0334	9.97E-01	8.18E-01
0.03344	9.97E-01	8.20E-01
0.03348	9.98E-01	8.21E-01
0.03352	9.97E-01	8.23E-01
0.03356	9.97E-01	8.24E-01
0.0336	9.97E-01	8.25E-01
0.03364	9.97E-01	8.26E-01
0.03368	9.97E-01	8.29E-01
0.03372	9.98E-01	8.29E-01
0.03376	9.97E-01	8.30E-01
0.0338	9.97E-01	8.33E-01
0.03384	9.96E-01	8.33E-01
0.03388	9.97E-01	8.34E-01
0.03392	9.97E-01	8.35E-01
0.03396	9.97E-01	8.37E-01
0.034	9.97E-01	8.38E-01
0.03404	9.96E-01	8.40E-01
0.03408	9.97E-01	8.41E-01
0.03412	9.98E-01	8.42E-01
0.03416	9.97E-01	8.43E-01
0.0342	9.98E-01	8.43E-01
0.03424	9.97E-01	8.46E-01
0.03428	9.98E-01	8.47E-01
0.03432	9.97E-01	8.48E-01
0.03436	9.97E-01	8.48E-01
0.0344	9.97E-01	8.50E-01
0.03444	9.97E-01	8.52E-01
0.03448	9.98E-01	8.53E-01
0.03452	9.97E-01	8.54E-01
0.03456	9.98E-01	8.55E-01
0.0346	9.98E-01	8.56E-01
0.03464	9.97E-01	8.57E-01
0.03468	9.97E-01	8.58E-01
0.03472	9.97E-01	8.59E-01
0.03476	9.97E-01	8.60E-01
0.0348	9.97E-01	8.62E-01
0.03484	9.97E-01	8.62E-01
0.03488	9.97E-01	8.64E-01
0.03492	9.97E-01	8.64E-01
0.03496	9.97E-01	8.66E-01
0.035	9.97E-01	8.68E-01
0.03504	9.97E-01	8.67E-01
0.03508	9.97E-01	8.69E-01
0.03512	9.97E-01	8.70E-01
0.03516	9.97E-01	8.71E-01
0.0352	9.97E-01	8.72E-01
0.03524	9.97E-01	8.73E-01
0.03528	9.96E-01	8.74E-01
0.03532	9.98E-01	8.75E-01
0.03536	9.97E-01	8.75E-01
0.0354	9.97E-01	8.77E-01
0.03544	9.97E-01	8.77E-01
0.03548	9.97E-01	8.79E-01
0.03552	9.97E-01	8.79E-01
0.03556	9.98E-01	8.80E-01
0.0356	9.97E-01	8.81E-01
0.03564	9.98E-01	8.82E-01
0.03568	9.98E-01	8.83E-01
0.03572	9.97E-01	8.84E-01
0.03576	9.98E-01	8.85E-01
0.0358	9.98E-01	8.86E-01
0.03584	9.97E-01	8.86E-01
0.03588	9.96E-01	8.88E-01
0.03592	9.97E-01	8.88E-01
0.03596	9.97E-01	8.89E-01
0.036	9.96E-01	8.89E-01
0.03604	9.97E-01	8.91E-01
0.03608	9.96E-01	8.92E-01
0.03612	9.97E-01	8.93E-01
0.03616	9.97E-01	8.93E-01
0.0362	9.98E-01	8.94E-01
0.03624	9.97E-01	8.95E-01
0.03628	9.97E-01	8.96E-01
0.03632	9.98E-01	8.96E-01
0.03636	9.97E-01	8.97E-01
0.0364	9.97E-01	8.98E-01
0.03644	9.97E-01	8.98E-01
0.03648	9.97E-01	9.00E-01
0.03652	9.97E-01	9.01E-01
0.03656	9.97E-01	9.01E-01
0.0366	9.98E-01	9.02E-01
0.03664	9.97E-01	9.02E-01
0.03668	9.96E-01	9.03E-01
0.03672	9.97E-01	9.03E-01
0.03676	9.97E-01	9.05E-01
0.0368	9.97E-01	9.06E-01
0.03684	9.97E-01	9.06E-01
0.03688	9.97E-01	9.07E-01
0.03692	9.98E-01	9.08E-01
0.03696	9.97E-01	9.08E-01
0.037	9.97E-01	9.09E-01
0.03704	9.98E-01	9.10E-01
0.03708	9.97E-01	9.11E-01
0.03712	9.97E-01	9.10E-01
0.03716	9.98E-01	9.12E-01
0.0372	9.97E-01	9.12E-01
0.03724	9.98E-01	9.14E-01
0.03728	9.98E-01	9.14E-01
0.03732	9.96E-01	9.14E-01
0.03736	9.97E-01	9.15E-01
0.0374	9.96E-01	9.16E-01
0.03744	9.96E-01	9.17E-01
0.03748	9.97E-01	9.17E-01
0.03752	9.97E-01	9.18E-01
0.03756	9.97E-01	9.18E-01
0.0376	9.97E-01	9.18E-01
0.03764	9.97E-01	9.19E-01
0.03768	9.97E-01	9.20E-01
0.03772	9.97E-01	9.21E-01
0.03776	9.97E-01	9.21E-01
0.0378	9.97E-01	9.22E-01
0.03784	9.97E-01	9.23E-01
0.03788	9.97E-01	9.23E-01
0.03792	9.97E-01	9.24E-01
0.03796	9.97E-01	9.23E-01
0.038	9.97E-01	9.25E-01
0.03804	9.97E-01	9.26E-01
0.03808	9.98E-01	9.26E-01
0.03812	9.97E-01	9.27E-01
0.03816	9.98E-01	9.27E-01
0.0382	9.97E-01	9.28E-01
0.03824	9.97E-01	9.28E-01
0.03828	9.98E-01	9.29E-01
0.03832	9.98E-01	9.29E-01
0.03836	9.97E-01	9.29E-01
0.0384	9.97E-01	9.31E-01
0.03844	9.97E-01	9.31E-01
0.03848	9.97E-01	9.31E-01
0.03852	9.98E-01	9.32E-01
0.03856	9.97E-01	9.33E-01
0.0386	9.97E-01	9.33E-01
0.03864	9.97E-01	9.33E-01
0.03868	9.97E-01	9.33E-01
0.03872	9.97E-01	9.33E-01
0.03876	9.97E-01	9.35E-01
0.0388	9.97E-01	9.35E-01
0.03884	9.98E-01	9.35E-01
0.03888	9.96E-01	9.36E-01
0.03892	9.97E-01	9.37E-01
0.03896	9.96E-01	9.36E-01
0.039	9.97E-01	9.38E-01
0.03904	9.98E-01	9.38E-01
0.03908	9.98E-01	9.38E-01
0.03912	9.97E-01	9.40E-01
0.03916	9.96E-01	9.40E-01
0.0392	9.96E-01	9.40E-01
0.03924	9.98E-01	9.41E-01
0.03928	9.97E-01	9.41E-01
0.03932	9.96E-01	9.41E-01
0.03936	9.97E-01	9.41E-01
0.0394	9.97E-01	9.42E-01
0.03944	9.97E-01	9.42E-01
0.03948	9.97E-01	9.43E-01
0.03952	9.97E-01	9.44E-01
0.03956	9.98E-01	9.44E-01
0.0396	9.96E-01	9.44E-01
0.03964	9.97E-01	9.43E-01
0.03968	9.98E-01	9.45E-01
0.03972	9.97E-01	9.46E-01
0.03976	9.97E-01	9.46E-01
0.0398	9.96E-01	9.46E-01
0.03984	9.97E-01	9.47E-01
0.03988	9.97E-01	9.47E-01
0.03992	9.96E-01	9.47E-01
0.03996	9.97E-01	9.48E-01
0.04	9.97E-01	9.48E-01
0.04004	9.97E-01	9.49E-01
0.04008	9.99E-01	9.48E-01
0.04012	9.98E-01	9.49E-01
0.04016	9.97E-01	9.49E-01
0.0402	9.97E-01	9.50E-01
0.04024	9.97E-01	9.50E-01
0.04028	9.98E-01	9.51E-01
0.04032	9.97E-01	9.50E-01
0.04036	9.97E-01	9.51E-01
0.0404	9.98E-01	9.52E-01
0.04044	9.97E-01	9.52E-01
0.04048	9.97E-01	9.51E-01
0.04052	9.98E-01	9.53E-01
0.04056	9.97E-01	9.53E-01
0.0406	9.97E-01	9.53E-01
0.04064	9.97E-01	9.54E-01
0.04068	9.97E-01	9.54E-01
0.04072	9.96E-01	9.54E-01
0.04076	9.98E-01	9.55E-01
0.0408	9.98E-01	9.55E-01
0.04084	9.97E-01	9.55E-01
0.04088	9.97E-01	9.56E-01
0.04092	9.97E-01	9.55E-01
0.04096	9.98E-01	9.56E-01
0.041	9.98E-01	9.56E-01
0.04104	9.97E-01	9.57E-01
0.04108	9.97E-01	9.57E-01
0.04112	9.98E-01	9.57E-01
0.04116	9.97E-01	9.58E-01
0.0412	9.97E-01	9.59E-01
0.04124	9.97E-01	9.58E-01
0.04128	9.96E-01	9.59E-01
0.04132	9.96E-01	9.59E-01
0.04136	9.97E-01	9.60E-01
0.0414	9.97E-01	9.60E-01
0.04144	9.97E-01	9.60E-01
0.04148	9.97E-01	9.60E-01
0.04152	9.97E-01	9.60E-01
0.04156	9.97E-01	9.61E-01
0.0416	9.98E-01	9.61E-01
0.04164	9.97E-01	9.62E-01
0.04168	9.97E-01	9.61E-01
0.04172	9.98E-01	9.62E-01
0.04176	9.98E-01	9.62E-01
0.0418	9.97E-01	9.62E-01
0.04184	9.98E-01	9.62E-01
0.04188	9.96E-01	9.63E-01
0.04192	9.97E-01	9.63E-01
0.04196	9.97E-01	9.64E-01
0.042	9.97E-01	9.63E-01
0.04204	9.98E-01	9.64E-01
0.04208	9.98E-01	9.64E-01
0.04212	9.97E-01	9.65E-01
0.04216	9.96E-01	9.65E-01
0.0422	9.97E-01	9.65E-01
0.04224	9.97E-01	9.65E-01
0.04228	9.97E-01	9.65E-01
0.04232	9.97E-01	9.66E-01
0.04236	9.98E-01	9.66E-01
0.0424	9.97E-01	9.67E-01
0.04244	9.97E-01	9.66E-01
0.04248	9.97E-01	9.67E-01
0.04252	9.97E-01	9.66E-01
0.04256	9.97E-01	9.67E-01
0.0426	9.97E-01	9.67E-01
0.04264	9.98E-01	9.67E-01
0.04268	9.97E-01	9.68E-01
0.04272	9.98E-01	9.67E-01
0.04276	9.98E-01	9.69E-01
0.0428	9.97E-01	9.69E-01
0.04284	9.97E-01	9.69E-01
0.04288	9.98E-01	9.69E-01
0.04292	9.97E-01	9.70E-01
0.04296	9.97E-01	9.69E-01
0.043	9.98E-01	9.69E-01
0.04304	9.96E-01	9.70E-01
0.04308	9.98E-01	9.71E-01
0.04312	9.97E-01	9.70E-01
0.04316	9.98E-01	9.70E-01
0.0432	9.97E-01	9.71E-01
0.04324	9.96E-01	9.71E-01
0.04328	9.98E-01	9.71E-01
0.04332	9.97E-01	9.71E-01
0.04336	9.97E-01	9.72E-01
0.0434	9.98E-01	9.71E-01
0.04344	9.97E-01	9.72E-01
0.04348	9.97E-01	9.72E-01
0.04352	9.97E-01	9.72E-01
0.04356	9.98E-01	9.72E-01
0.0436	9.98E-01	9.72E-01
0.04364	9.97E-01	9.73E-01
0.04368	9.98E-01	9.73E-01
0.04372	9.96E-01	9.73E-01
0.04376	9.96E-01	9.73E-01
0.0438	9.98E-01	9.74E-01
0.04384	9.97E-01	9.74E-01
0.04388	9.98E-01	9.74E-01
0.04392	9.98E-01	9.74E-01
0.04396	9.97E-01	9.74E-01
0.044	9.97E-01	9.74E-01
0.04404	9.98E-01	9.75E-01
0.04408	9.97E-01	9.74E-01
0.04412	9.97E-01	9.75E-01
0.04416	9.99E-01	9.75E-01
0.0442	9.97E-01	9.75E-01
0.04424	9.97E-01	9.76E-01
0.04428	9.98E-01	9.76E-01
0.04432	9.97E-01	9.76E-01
0.04436	9.97E-01	9.76E-01
0.0444	9.98E-01	9.76E-01
0.04444	9.97E-01	9.76E-01
0.04448	9.97E-01	9.77E-01
0.04452	9.97E-01	9.77E-01
0.04456	9.98E-01	9.76E-01
0.0446	9.97E-01	9.77E-01
0.04464	9.96E-01	9.77E-01
0.04468	9.97E-01	9.77E-01
0.04472	9.98E-01	9.77E-01
0.04476	9.97E-01	9.77E-01
0.0448	9.98E-01	9.78E-01
0.04484	9.97E-01	9.77E-01
0.04488	9.97E-01	9.78E-01
0.04492	9.98E-01	9.77E-01
0.04496	9.97E-01	9.78E-01
0.045	9.97E-01	9.78E-01
0.04504	9.97E-01	9.78E-01
0.04508	9.97E-01	9.78E-01
0.04512	9.98E-01	9.79E-01
0.04516	9.97E-01	9.78E-01
0.0452	9.97E-01	9.78E-01
0.04524	9.98E-01	9.79E-01
0.04528	9.98E-01	9.79E-01
0.04532	9.97E-01	9.79E-01
0.04536	9.97E-01	9.79E-01
0.0454	9.97E-01	9.79E-01
0.04544	9.97E-01	9.80E-01
0.04548	9.97E-01	9.79E-01
0.04552	9.97E-01	9.80E-01
0.04556	9.98E-01	9.81E-01
0.0456	9.97E-01	9.80E-01
0.04564	9.98E-01	9.81E-01
0.04568	9.97E-01	9.81E-01
0.04572	9.97E-01	9.80E-01
0.04576	9.97E-01	9.81E-01
0.0458	9.97E-01	9.81E-01
0.04584	9.97E-01	9.81E-01
0.04588	9.97E-01	9.81E-01
0.04592	9.97E-01	9.81E-01
0.04596	9.98E-01	9.82E-01
0.046	9.98E-01	9.81E-01
0.04604	9.96E-01	9.81E-01
0.04608	9.97E-01	9.81E-01
0.04612	9.97E-01	9.82E-01
0.04616	9.98E-01	9.82E-01
0.0462	9.97E-01	9.82E-01
0.04624	9.97E-01	9.82E-01
0.04628	9.97E-01	9.82E-01
0.04632	9.98E-01	9.83E-01
0.04636	9.97E-01	9.82E-01
0.0464	9.97E-01	9.82E-01
0.04644	9.98E-01	9.83E-01
0.04648	9.98E-01	9.82E-01
0.04652	9.97E-01	9.83E-01
0.04656	9.97E-01	9.83E-01
0.0466	9.98E-01	9.84E-01
0.04664	9.98E-01	9.83E-01
0.04668	9.97E-01	9.84E-01
0.04672	9.97E-01	9.84E-01
0.04676	9.97E-01	9.83E-01
0.0468	9.97E-01	9.83E-01
0.04684	9.98E-01	9.84E-01
0.04688	9.98E-01	9.83E-01
0.04692	9.97E-01	9.84E-01
0.04696	9.97E-01	9.84E-01
0.047	9.97E-01	9.84E-01
0.04704	9.98E-01	9.84E-01
0.04708	9.98E-01	9.84E-01
0.04712	9.98E-01	9.85E-01
0.04716	9.97E-01	9.84E-01
0.0472	9.97E-01	9.85E-01
0.04724	9.97E-01	9.85E-01
0.04728	9.97E-01	9.85E-01
0.04732	9.97E-01	9.85E-01
0.04736	9.97E-01	9.85E-01
0.0474	9.98E-01	9.85E-01
0.04744	9.97E-01	9.85E-01
0.04748	9.97E-01	9.85E-01
0.04752	9.97E-01	9.85E-01
0.04756	9.97E-01	9.85E-01
0.0476	9.97E-01	9.85E-01
0.04764	9.98E-01	9.86E-01
0.04768	9.97E-01	9.85E-01
0.04772	9.97E-01	9.85E-01
0.04776	9.97E-01	9.86E-01
0.0478	9.97E-01	9.85E-01
0.04784	9.97E-01	9.85E-01
0.04788	9.97E-01	9.86E-01
0.04792	9.96E-01	9.86E-01
0.04796	9.97E-01	9.86E-01
0.048	9.97E-01	9.86E-01
0.04804	9.97E-01	9.86E-01
0.04808	9.98E-01	9.86E-01
0.04812	9.97E-01	9.86E-01
0.04816	9.98E-01	9.87E-01
0.0482	9.96E-01	9.86E-01
0.04824	9.98E-01	9.87E-01
0.04828	9.97E-01	9.87E-01
0.04832	9.97E-01	9.87E-01
0.04836	9.98E-01	9.86E-01
0.0484	9.97E-01	9.87E-01
0.04844	9.97E-01	9.87E-01
0.04848	9.97E-01	9.88E-01
0.04852	9.97E-01	9.87E-01
0.04856	9.97E-01	9.87E-01
0.0486	9.98E-01	9.87E-01
0.04864	9.97E-01	9.87E-01
0.04868	9.97E-01	9.87E-01
0.04872	9.97E-01	9.88E-01
0.04876	9.97E-01	9.87E-01
0.0488	9.97E-01	9.87E-01
0.04884	9.98E-01	9.88E-01
0.04888	9.96E-01	9.89E-01
0.04892	9.97E-01	9.88E-01
0.04896	9.97E-01	9.88E-01
0.049	9.97E-01	9.88E-01
0.04904	9.97E-01	9.88E-01
0.04908	9.97E-01	9.88E-01
0.04912	9.97E-01	9.89E-01
0.04916	9.97E-01	9.88E-01
0.0492	9.96E-01	9.89E-01
0.04924	9.97E-01	9.89E-01
0.04928	9.97E-01	9.89E-01
0.04932	9.98E-01	9.89E-01
0.04936	9.98E-01	9.89E-01
0.0494	9.97E-01	9.89E-01
0.04944	9.98E-01	9.89E-01
0.04948	9.97E-01	9.89E-01
0.04952	9.96E-01	9.90E-01
0.04956	9.97E-01	9.90E-01
0.0496	9.97E-01	9.89E-01
0.04964	9.97E-01	9.89E-01
0.04968	9.97E-01	9.89E-01
0.04972	9.96E-01	9.88E-01
0.04976	9.97E-01	9.89E-01
0.0498	9.97E-01	9.90E-01
0.04984	9.96E-01	9.90E-01
0.04988	9.97E-01	9.90E-01
0.04992	9.97E-01	9.90E-01
0.04996	9.97E-01	9.90E-01
0.05	1.61E-01	9.87E-01
0.05004	-2.14E-03	9.77E-01
0.05008	-1.82E-03	9.68E-01
0.05012	-1.49E-03	9.58E-01
0.05016	-1.49E-03	9.49E-01
0.0502	-1.49E-03	9.42E-01
0.05024	-1.82E-03	9.33E-01
0.05028	-2.14E-03	9.25E-01
0.05032	-1.49E-03	9.17E-01
0.05036	-1.49E-03	9.09E-01
0.0504	-2.14E-03	9.01E-01
0.05044	-1.49E-03	8.93E-01
0.05048	-1.49E-03	8.86E-01
0.05052	-8.37E-04	8.78E-01
0.05056	-1.82E-03	8.70E-01
0.0506	-1.82E-03	8.64E-01
0.05064	-1.49E-03	8.56E-01
0.05068	-2.14E-03	8.48E-01
0.05072	-1.82E-03	8.41E-01
0.05076	-1.49E-03	8.34E-01
0.0508	-1.82E-03	8.28E-01
0.05084	-2.14E-03	8.20E-01
0.05088	-2.47E-03	8.14E-01
0.05092	-1.82E-03	8.06E-01
0.05096	-2.14E-03	8.00E-01
0.051	-2.14E-03	7.93E-01
0.05104	-2.47E-03	7.86E-01
0.05108	-1.82E-03	7.80E-01
0.05112	-2.14E-03	7.74E-01
0.05116	-2.47E-03	7.67E-01
0.0512	-2.47E-03	7.61E-01
0.05124	-2.14E-03	7.55E-01
0.05128	-1.82E-03	7.49E-01
0.05132	-2.79E-03	7.42E-01
0.05136	-1.82E-03	7.36E-01
0.0514	-1.82E-03	7.30E-01
0.05144	-2.14E-03	7.24E-01
0.05148	-1.49E-03	7.18E-01
0.05152	-1.82E-03	7.12E-01
0.05156	-1.16E-03	7.06E-01
0.0516	-1.82E-03	7.00E-01
0.05164	-2.14E-03	6.95E-01
0.05168	-2.14E-03	6.89E-01
0.05172	-1.82E-03	6.83E-01
0.05176	-1.49E-03	6.77E-01
0.0518	-1.49E-03	6.72E-01
0.05184	-2.47E-03	6.66E-01
0.05188	-1.49E-03	6.61E-01
0.05192	-2.47E-03	6.55E-01
0.05196	-3.12E-03	6.50E-01
0.052	-1.49E-03	6.45E-01
0.05204	-2.47E-03	6.39E-01
0.05208	-1.82E-03	6.35E-01
0.05212	-2.14E-03	6.29E-01
0.05216	-1.49E-03	6.24E-01
0.0522	-2.47E-03	6.19E-01
0.05224	-1.16E-03	6.14E-01
0.05228	-1.16E-03	6.09E-01
0.05232	-1.82E-03	6.04E-01
0.05236	-2.79E-03	5.99E-01
0.0524	-2.79E-03	5.94E-01
0.05244	-2.14E-03	5.90E-01
0.05248	-1.49E-03	5.84E-01
0.05252	-1.16E-03	5.79E-01
0.05256	-2.14E-03	5.75E-01
0.0526	-2.14E-03	5.70E-01
0.05264	-1.49E-03	5.66E-01
0.05268	-2.14E-03	5.61E-01
0.05272	-1.49E-03	5.57E-01
0.05276	-2.14E-03	5.53E-01
0.0528	-2.47E-03	5.47E-01
0.05284	-2.47E-03	5.43E-01
0.05288	-2.47E-03	5.38E-01
0.05292	-2.14E-03	5.34E-01
0.05296	-2.14E-03	5.30E-01
0.053	-2.47E-03	5.25E-01
0.05304	-1.49E-03	5.21E-01
0.05308	-3.45E-03	5.18E-01
0.05312	-1.49E-03	5.13E-01
0.05316	-1.16E-03	5.09E-01
0.0532	-1.82E-03	5.04E-01
0.05324	-2.14E-03	5.01E-01
0.05328	-2.47E-03	4.97E-01
0.05332	-2.14E-03	4.93E-01
0.05336	-1.49E-03	4.88E-01
0.0534	-2.14E-03	4.84E-01
0.05344	-1.82E-03	4.80E-01
0.05348	-2.14E-03	4.77E-01
0.05352	-3.45E-03	4.73E-01
0.05356	-1.82E-03	4.68E-01
0.0536	-2.79E-03	4.64E-01
0.05364	-1.49E-03	4.61E-01
0.05368	-2.14E-03	4.58E-01
0.05372	-2.14E-03	4.54E-01
0.05376	-2.14E-03	4.50E-01
0.0538	-1.82E-03	4.47E-01
0.05384	-2.79E-03	4.43E-01
0.05388	-2.14E-03	4.40E-01
0.05392	-1.49E-03	4.37E-01
0.05396	-1.49E-03	4.32E-01
0.054	-1.49E-03	4.29E-01
0.05404	-2.14E-03	4.26E-01
0.05408	-2.47E-03	4.23E-01
0.05412	-2.47E-03	4.19E-01
0.05416	-1.49E-03	4.15E-01
0.0542	-2.14E-03	4.12E-01
0.05424	-1.82E-03	4.08E-01
0.05428	-2.14E-03	4.05E-01
0.05432	-2.47E-03	4.02E-01
0.05436	-2.47E-03	3.99E-01
0.0544	-1.49E-03	3.96E-01
0.05444	-1.82E-03	3.92E-01
0.05448	-2.14E-03	3.89E-01
0.05452	-2.14E-03	3.86E-01
0.05456	-8.37E-04	3.83E-01
0.0546	-2.14E-03	3.81E-01
0.05464	-2.47E-03	3.77E-01
0.05468	-1.49E-03	3.74E-01
0.05472	-1.49E-03	3.71E-01
0.05476	-1.82E-03	3.67E-01
0.0548	-2.47E-03	3.65E-01
0.05484	-2.47E-03	3.62E-01
0.05488	-2.14E-03	3.59E-01
0.05492	-1.49E-03	3.56E-01
0.05496	-1.82E-03	3.54E-01
0.055	-2.14E-03	3.50E-01
0.05504	-1.49E-03	3.47E-01
0.05508	-1.49E-03	3.45E-01
0.05512	-2.47E-03	3.43E-01
0.05516	-2.47E-03	3.39E-01
0.0552	-2.47E-03	3.37E-01
0.05524	-1.49E-03	3.34E-01
0.05528	-1.82E-03	3.31E-01
0.05532	-1.82E-03	3.28E-01
0.05536	-2.14E-03	3.26E-01
0.0554	-1.82E-03	3.23E-01
0.05544	-2.79E-03	3.21E-01
0.05548	-2.14E-03	3.18E-01
0.05552	-2.47E-03	3.15E-01
0.05556	-1.49E-03	3.13E-01
0.0556	-1.49E-03	3.12E-01
0.05564	-1.82E-03	3.08E-01
0.05568	-2.14E-03	3.05E-01
0.05572	-2.14E-03	3.03E-01
0.05576	-2.14E-03	3.01E-01
0.0558	-1.49E-03	2.98E-01
0.05584	-2.47E-03	2.96E-01
0.05588	-2.14E-03	2.93E-01
0.05592	-2.79E-03	2.91E-01
0.05596	-1.82E-03	2.89E-01
0.056	-1.82E-03	2.87E-01
0.05604	-2.14E-03	2.84E-01
0.05608	-2.47E-03	2.82E-01
0.05612	-2.47E-03	2.79E-01
0.05616	-1.49E-03	2.78E-01
0.0562	-2.14E-03	2.75E-01
0.05624	-1.82E-03	2.73E-01
0.05628	-2.47E-03	2.70E-01
0.05632	-2.14E-03	2.69E-01
0.05636	-2.14E-03	2.67E-01
0.0564	-2.47E-03	2.65E-01
0.05644	-1.82E-03	2.62E-01
0.05648	-1.82E-03	2.60E-01
0.05652	-2.47E-03	2.58E-01
0.05656	-2.14E-03	2.56E-01
0.0566	-1.82E-03	2.53E-01
0.05664	-2.47E-03	2.51E-01
0.05668	-2.14E-03	2.50E-01
0.05672	-2.47E-03	2.48E-01
0.05676	-1.82E-03	2.46E-01
0.0568	-2.47E-03	2.44E-01
0.05684	-1.16E-03	2.42E-01
0.05688	-2.47E-03	2.40E-01
0.05692	-1.49E-03	2.38E-01
0.05696	-2.47E-03	2.36E-01
0.057	-2.14E-03	2.35E-01
0.05704	-2.47E-03	2.32E-01
0.05708	-1.49E-03	2.31E-01
0.05712	-1.82E-03	2.29E-01
0.05716	-1.82E-03	2.26E-01
0.0572	-2.47E-03	2.25E-01
0.05724	-1.82E-03	2.24E-01
0.05728	-2.14E-03	2.22E-01
0.05732	-1.82E-03	2.20E-01
0.05736	-2.47E-03	2.18E-01
0.0574	-1.49E-03	2.17E-01
0.05744	-1.82E-03	2.15E-01
0.05748	-1.49E-03	2.13E-01
0.05752	-2.79E-03	2.12E-01
0.05756	-2.14E-03	2.10E-01
0.0576	-1.82E-03	2.07E-01
0.05764	-2.14E-03	2.06E-01
0.05768	-2.14E-03	2.05E-01
0.05772	-2.47E-03	2.03E-01
0.05776	-1.49E-03	2.01E-01
0.0578	-1.49E-03	1.99E-01
0.05784	-1.16E-03	1.98E-01
0.05788	-2.14E-03	1.97E-01
0.05792	-2.47E-03	1.94E-01
0.05796	-1.49E-03	1.93E-01
0.058	-2.47E-03	1.92E-01
0.05804	-1.82E-03	1.90E-01
0.05808	-1.82E-03	1.89E-01
0.05812	-2.47E-03	1.87E-01
0.05816	-2.14E-03	1.86E-01
0.0582	-2.14E-03	1.84E-01
0.05824	-1.82E-03	1.83E-01
0.05828	-1.82E-03	1.81E-01
0.05832	-2.47E-03	1.80E-01
0.05836	-1.49E-03	1.78E-01
0.0584	-1.82E-03	1.77E-01
0.05844	-2.14E-03	1.77E-01
0.05848	-2.14E-03	1.75E-01
0.05852	-2.47E-03	1.73E-01
0.05856	-1.49E-03	1.72E-01
0.0586	-1.82E-03	1.70E-01
0.05864	-2.79E-03	1.68E-01
0.05868	-2.14E-03	1.67E-01
0.05872	-1.49E-03	1.66E-01
0.05876	-1.49E-03	1.65E-01
0.0588	-1.49E-03	1.63E-01
0.05884	-2.14E-03	1.62E-01
0.05888	-1.82E-03	1.61E-01
0.05892	-1.82E-03	1.59E-01
0.05896	-2.14E-03	1.59E-01
0.059	-2.14E-03	1.58E-01
0.05904	-1.49E-03	1.55E-01
0.05908	-1.16E-03	1.54E-01
0.05912	-2.47E-03	1.53E-01
0.05916	-1.82E-03	1.52E-01
0.0592	-1.82E-03	1.51E-01
0.05924	-2.47E-03	1.49E-01
0.05928	-2.79E-03	1.48E-01
0.05932	-2.14E-03	1.47E-01
0.05936	-1.82E-03	1.46E-01
0.0594	-2.47E-03	1.45E-01
0.05944	-1.49E-03	1.44E-01
0.05948	-2.47E-03	1.43E-01
0.05952	-2.14E-03	1.41E-01
0.05956	-1.82E-03	1.40E-01
0.0596	-1.82E-03	1.40E-01
0.05964	-1.82E-03	1.38E-01
0.05968	-2.14E-03	1.37E-01
0.05972	-1.16E-03	1.35E-01
0.05976	-1.82E-03	1.35E-01
0.0598	-1.82E-03	1.34E-01
0.05984	-2.47E-03	1.32E-01
0.05988	-1.82E-03	1.32E-01
0.05992	-2.79E-03	1.30E-01
0.05996	-1.82E-03	1.30E-01
0.06	-2.47E-03	1.28E-01
0.06004	-3.12E-03	1.28E-01
0.06008	-1.82E-03	1.26E-01
0.06012	-2.14E-03	1.25E-01
0.06016	-2.47E-03	1.25E-01
0.0602	-2.79E-03	1.24E-01
0.06024	-1.82E-03	1.23E-01
0.06028	-1.82E-03	1.21E-01
0.06032	-1.82E-03	1.20E-01
0.06036	-2.14E-03	1.20E-01
0.0604	-2.79E-03	1.19E-01
0.06044	-3.77E-03	1.17E-01
0.06048	-2.47E-03	1.18E-01
0.06052	-1.49E-03	1.16E-01
0.06056	-1.49E-03	1.15E-01
0.0606	-2.14E-03	1.14E-01
0.06064	-2.14E-03	1.14E-01
0.06068	-2.14E-03	1.12E-01
0.06072	-1.49E-03	1.12E-01
0.06076	-2.14E-03	1.11E-01
0.0608	-2.14E-03	1.10E-01
0.06084	-2.14E-03	1.09E-01
0.06088	-3.12E-03	1.08E-01
0.06092	-2.14E-03	1.07E-01
0.06096	-2.14E-03	1.05E-01
0.061	-2.14E-03	1.05E-01
0.06104	-2.14E-03	1.05E-01
0.06108	-1.82E-03	1.03E-01
0.06112	-8.37E-04	1.03E-01
0.06116	-2.14E-03	1.02E-01
0.0612	-1.82E-03	1.01E-01
0.06124	-2.14E-03	1.00E-01
0.06128	-2.14E-03	9.96E-02
0.06132	-1.49E-03	9.86E-02
0.06136	-2.14E-03	9.79E-02
0.0614	-1.82E-03	9.70E-02
0.06144	-1.82E-03	9.70E-02
0.06148	-1.82E-03	9.57E-02
0.06152	-1.82E-03	9.57E-02
0.06156	-1.82E-03	9.40E-02
0.0616	-1.49E-03	9.37E-02
0.06164	-1.16E-03	9.27E-02
0.06168	-1.49E-03	9.21E-02
0.06172	-2.79E-03	9.11E-02
0.06176	-1.82E-03	9.04E-02
0.0618	-2.14E-03	9.01E-02
0.06184	-2.47E-03	8.91E-02
0.06188	-2.79E-03	8.85E-02
0.06192	-1.49E-03	8.75E-02
0.06196	-2.47E-03	8.75E-02
0.062	-1.49E-03	8.65E-02
0.06204	-1.82E-03	8.52E-02
0.06208	-1.82E-03	8.46E-02
0.06212	-1.82E-03	8.36E-02
0.06216	-1.82E-03	8.39E-02
0.0622	-1.82E-03	8.33E-02
0.06224	-1.49E-03	8.16E-02
0.06228	-2.14E-03	8.16E-02
0.06232	-2.47E-03	8.10E-02
0.06236	-1.49E-03	8.03E-02
0.0624	-2.47E-03	7.90E-02
0.06244	-2.14E-03	7.97E-02
0.06248	-2.47E-03	7.81E-02
0.06252	-1.82E-03	7.74E-02
0.06256	-1.82E-03	7.68E-02
0.0626	-2.14E-03	7.68E-02
0.06264	-2.14E-03	7.58E-02
0.06268	-1.16E-03	7.54E-02
0.06272	-2.79E-03	7.51E-02
0.06276	-1.49E-03	7.45E-02
0.0628	-1.82E-03	7.32E-02
0.06284	-2.47E-03	7.32E-02
0.06288	-1.82E-03	7.25E-02
0.06292	-2.79E-03	7.19E-02
0.06296	-2.47E-03	7.06E-02
0.063	-2.14E-03	7.06E-02
0.06304	-2.47E-03	6.96E-02
0.06308	-2.14E-03	7.02E-02
0.06312	-2.14E-03	6.89E-02
0.06316	-2.79E-03	6.86E-02
0.0632	-1.82E-03	6.76E-02
0.06324	-2.47E-03	6.79E-02
0.06328	-1.82E-03	6.70E-02
0.06332	-2.14E-03	6.57E-02
0.06336	-1.82E-03	6.57E-02
0.0634	-1.16E-03	6.53E-02
0.06344	-2.14E-03	6.50E-02
0.06348	-1.49E-03	6.44E-02
0.06352	-2.79E-03	6.37E-02
0.06356	-2.14E-03	6.27E-02
0.0636	-2.14E-03	6.27E-02
0.06364	-2.47E-03	6.24E-02
0.06368	-2.14E-03	6.08E-02
0.06372	-1.49E-03	6.18E-02
0.06376	-1.49E-03	6.08E-02
0.0638	-1.49E-03	5.95E-02
0.06384	-2.47E-03	5.95E-02
0.06388	-1.49E-03	5.95E-02
0.06392	-2.14E-03	5.91E-02
0.06396	-2.14E-03	5.85E-02
0.064	-2.79E-03	5.69E-02
0.06404	-1.82E-03	5.72E-02
0.06408	-1.49E-03	5.75E-02
0.06412	-2.47E-03	5.72E-02
0.06416	-2.14E-03	5.59E-02
0.0642	-1.82E-03	5.49E-02
0.06424	-2.47E-03	5.56E-02
0.06428	-2.79E-03	5.49E-02
0.06432	-1.49E-03	5.43E-02
0.06436	-2.79E-03	5.43E-02
0.0644	-1.82E-03	5.36E-02
0.06444	-2.47E-03	5.36E-02
0.06448	-1.82E-03	5.26E-02
0.06452	-2.47E-03	5.23E-02
0.06456	-2.14E-03	5.23E-02
0.0646	-2.47E-03	5.07E-02
0.06464	-1.82E-03	5.07E-02
0.06468	-1.49E-03	5.03E-02
0.06472	-2.14E-03	4.97E-02
0.06476	-1.49E-03	4.90E-02
0.0648	-1.49E-03	4.97E-02
0.06484	-1.49E-03	4.87E-02
0.06488	-2.14E-03	4.84E-02
0.06492	-1.82E-03	4.77E-02
0.06496	-2.47E-03	4.68E-02
0.065	-1.49E-03	4.74E-02
0.06504	-1.49E-03	4.64E-02
0.06508	-1.82E-03	4.64E-02
0.06512	-2.14E-03	4.61E-02
0.06516	-1.49E-03	4.58E-02
0.0652	-1.49E-03	4.55E-02
0.06524	-2.47E-03	4.45E-02
0.06528	-1.16E-03	4.45E-02
0.06532	-1.49E-03	4.42E-02
0.06536	-1.49E-03	4.35E-02
0.0654	-2.47E-03	4.38E-02
0.06544	-1.82E-03	4.35E-02
0.06548	-1.49E-03	4.35E-02
0.06552	-2.14E-03	4.22E-02
0.06556	-1.82E-03	4.19E-02
0.0656	-2.14E-03	4.19E-02
0.06564	-1.49E-03	4.15E-02
0.06568	-2.47E-03	4.06E-02
0.06572	-1.82E-03	4.06E-02
0.06576	-2.79E-03	4.06E-02
0.0658	-2.14E-03	4.02E-02
0.06584	-1.49E-03	4.02E-02
0.06588	-2.14E-03	3.99E-02
0.06592	-3.12E-03	3.86E-02
0.06596	-1.82E-03	3.83E-02
0.066	-2.47E-03	3.89E-02
0.06604	-2.79E-03	3.83E-02
0.06608	-1.49E-03	3.86E-02
0.06612	-1.82E-03	3.76E-02
0.06616	-1.49E-03	3.76E-02
0.0662	-1.49E-03	3.76E-02
0.06624	-1.16E-03	3.70E-02
0.06628	-1.82E-03	3.67E-02
0.06632	-1.82E-03	3.60E-02
0.06636	-2.14E-03	3.63E-02
0.0664	-1.49E-03	3.63E-02
0.06644	-2.47E-03	3.57E-02
0.06648	-1.49E-03	3.50E-02
0.06652	-2.14E-03	3.44E-02
0.06656	-2.14E-03	3.53E-02
0.0666	-1.82E-03	3.44E-02
0.06664	-1.16E-03	3.44E-02
0.06668	-1.82E-03	3.34E-02
0.06672	-2.14E-03	3.34E-02
0.06676	-1.49E-03	3.34E-02
0.0668	-2.47E-03	3.31E-02
0.06684	-1.16E-03	3.27E-02
0.06688	-1.82E-03	3.27E-02
0.06692	-1.49E-03	3.21E-02
0.06696	-1.82E-03	3.21E-02
0.067	-2.79E-03	3.14E-02
0.06704	-1.49E-03	3.18E-02
0.06708	-1.82E-03	3.11E-02
0.06712	-2.14E-03	3.11E-02
0.06716	-2.14E-03	3.05E-02
0.0672	-1.49E-03	3.05E-02
0.06724	-2.47E-03	3.01E-02
0.06728	-1.49E-03	3.05E-02
0.06732	-2.14E-03	2.92E-02
0.06736	-2.14E-03	2.95E-02
0.0674	-1.49E-03	2.88E-02
0.06744	-2.47E-03	2.85E-02
0.06748	-2.14E-03	2.88E-02
0.06752	-1.82E-03	2.88E-02
0.06756	-2.79E-03	2.75E-02
0.0676	-2.14E-03	2.75E-02
0.06764	-2.14E-03	2.75E-02
0.06768	-2.79E-03	2.72E-02
0.06772	-1.49E-03	2.72E-02
0.06776	-1.82E-03	2.72E-02
0.0678	-2.14E-03	2.72E-02
0.06784	-2.14E-03	2.65E-02
0.06788	-2.47E-03	2.72E-02
0.06792	-2.14E-03	2.62E-02
0.06796	-2.14E-03	2.62E-02
0.068	-2.47E-03	2.62E-02
0.06804	-1.82E-03	2.52E-02
0.06808	-1.49E-03	2.49E-02
0.06812	-2.79E-03	2.52E-02
0.06816	-1.82E-03	2.49E-02
0.0682	-1.49E-03	2.49E-02
0.06824	-2.79E-03	2.49E-02
0.06828	-2.47E-03	2.46E-02
0.06832	-1.82E-03	2.43E-02
0.06836	-1.82E-03	2.39E-02
0.0684	-1.49E-03	2.39E-02
0.06844	-2.47E-03	2.39E-02
0.06848	-1.49E-03	2.33E-02
0.06852	-3.12E-03	2.33E-02
0.06856	-2.14E-03	2.30E-02
0.0686	-2.14E-03	2.30E-02
0.06864	-1.82E-03	2.23E-02
0.06868	-2.47E-03	2.23E-02
0.06872	-2.14E-03	2.23E-02
0.06876	-1.82E-03	2.23E-02
0.0688	-1.49E-03	2.13E-02
0.06884	-1.49E-03	2.20E-02
0.06888	-1.49E-03	2.17E-02
0.06892	-2.14E-03	2.20E-02
0.06896	-2.14E-03	2.17E-02
0.069	-2.47E-03	2.13E-02
0.06904	-1.82E-03	2.10E-02
0.06908	-1.82E-03	2.10E-02
0.06912	-2.14E-03	2.07E-02
0.06916	-1.16E-03	2.10E-02
0.0692	-2.14E-03	2.07E-02
0.06924	-2.14E-03	2.04E-02
0.06928	-2.14E-03	2.00E-02
0.06932	-1.49E-03	2.00E-02
0.06936	-2.14E-03	1.97E-02
0.0694	-1.82E-03	1.97E-02
0.06944	-1.82E-03	1.87E-02
0.06948	-1.82E-03	1.87E-02
0.06952	-2.47E-03	1.87E-02
0.06956	-2.79E-03	1.87E-02
0.0696	-2.14E-03	1.90E-02
0.06964	-2.47E-03	1.94E-02
0.06968	-1.82E-03	1.87E-02
0.06972	-2.14E-03	1.81E-02
0.06976	-1.16E-03	1.77E-02
0.0698	-1.49E-03	1.87E-02
0.06984	-1.82E-03	1.81E-02
0.06988	-2.14E-03	1.77E-02
0.06992	-2.14E-03	1.77E-02
0.06996	-1.16E-03	1.74E-02
0.07	-1.49E-03	1.74E-02
0.07004	-2.47E-03	1.68E-02
0.07008	-2.79E-03	1.64E-02
0.07012	-2.79E-03	1.74E-02
0.07016	-2.14E-03	1.71E-02
0.0702	-2.47E-03	1.64E-02
0.07024	-1.82E-03	1.68E-02
0.07028	-2.47E-03	1.61E-02
0.07032	-2.14E-03	1.61E-02
0.07036	-1.16E-03	1.58E-02
0.0704	-2.14E-03	1.64E-02
0.07044	-1.49E-03	1.55E-02
0.07048	-2.14E-03	1.55E-02
0.07052	-1.82E-03	1.55E-02
0.07056	-1.16E-03	1.48E-02
0.0706	-1.16E-03	1.51E-02
0.07064	-2.14E-03	1.51E-02
0.07068	-1.49E-03	1.55E-02
0.07072	-2.14E-03	1.55E-02
0.07076	-2.79E-03	1.45E-02
0.0708	-1.82E-03	1.42E-02
0.07084	-2.14E-03	1.48E-02
0.07088	-2.47E-03	1.42E-02
0.07092	-2.47E-03	1.42E-02
0.07096	-1.82E-03	1.38E-02
0.071	-1.49E-03	1.45E-02
0.07104	-8.37E-04	1.35E-02
0.07108	-1.16E-03	1.42E-02
0.07112	-1.82E-03	1.35E-02
0.07116	-1.49E-03	1.32E-02
0.0712	-1.82E-03	1.29E-02
0.07124	-2.79E-03	1.32E-02
0.07128	-1.49E-03	1.32E-02
0.07132	-1.49E-03	1.32E-02
0.07136	-2.14E-03	1.35E-02
0.0714	-2.47E-03	1.19E-02
0.07144	-1.49E-03	1.29E-02
0.07148	-1.49E-03	1.25E-02
0.07152	-2.14E-03	1.25E-02
0.07156	-2.47E-03	1.22E-02
0.0716	-2.14E-03	1.19E-02
0.07164	-2.14E-03	1.19E-02
0.07168	-2.14E-03	1.25E-02
0.07172	-2.14E-03	1.22E-02
0.07176	-1.49E-03	1.19E-02
0.0718	-2.14E-03	1.16E-02
0.07184	-1.49E-03	1.16E-02
0.07188	-1.82E-03	1.12E-02
0.07192	-1.82E-03	1.16E-02
0.07196	-1.82E-03	1.19E-02
0.072	-2.14E-03	1.16E-02
0.07204	-2.79E-03	1.16E-02
0.07208	-2.47E-03	1.09E-02
0.07212	-1.82E-03	1.12E-02
0.07216	-2.47E-03	1.09E-02
0.0722	-2.14E-03	1.09E-02
0.07224	-2.47E-03	9.92E-03
0.07228	-1.49E-03	1.06E-02
0.07232	-1.16E-03	1.09E-02
0.07236	-2.47E-03	1.02E-02
0.0724	-2.14E-03	9.92E-03
0.07244	-2.14E-03	9.59E-03
0.07248	-2.14E-03	9.59E-03
0.07252	-2.47E-03	9.59E-03
0.07256	-1.82E-03	9.92E-03
0.0726	-2.79E-03	9.59E-03
0.07264	-1.16E-03	9.92E-03
0.07268	-2.14E-03	9.27E-03
0.07272	-2.14E-03	9.92E-03
0.07276	-1.82E-03	9.27E-03
0.0728	-2.14E-03	8.94E-03
0.07284	-2.14E-03	9.59E-03
0.07288	-2.14E-03	9.59E-03
0.07292	-2.14E-03	8.29E-03
0.07296	-2.14E-03	8.62E-03
0.073	-2.47E-03	9.92E-03
0.07304	-1.49E-03	8.94E-03
0.07308	-2.14E-03	8.94E-03
0.07312	-2.14E-03	8.29E-03
0.07316	-1.82E-03	8.29E-03
0.0732	-3.45E-03	8.62E-03
0.07324	-1.49E-03	8.94E-03
0.07328	-2.14E-03	8.62E-03
0.07332	-1.82E-03	8.62E-03
0.07336	-2.47E-03	8.29E-03
0.0734	-2.14E-03	8.62E-03
0.07344	-2.14E-03	7.96E-03
0.07348	-2.14E-03	7.64E-03
0.07352	-1.82E-03	8.29E-03
0.07356	-2.79E-03	8.29E-03
0.0736	-2.47E-03	7.31E-03
0.07364	-2.79E-03	7.96E-03
0.07368	-1.82E-03	7.64E-03
0.07372	-1.82E-03	7.96E-03
0.07376	-1.82E-03	7.96E-03
0.0738	-2.14E-03	7.64E-03
0.07384	-2.14E-03	7.64E-03
0.07388	-2.79E-03	7.31E-03
0.07392	-2.14E-03	7.64E-03
0.07396	-1.49E-03	6.99E-03
0.074	-2.14E-03	7.64E-03
0.07404	-1.82E-03	7.64E-03
0.07408	-1.82E-03	7.31E-03
0.07412	-2.14E-03	6.99E-03
0.07416	-2.47E-03	7.31E-03
0.0742	-1.82E-03	7.31E-03
0.07424	-1.82E-03	6.66E-03
0.07428	-1.82E-03	8.29E-03
0.07432	-1.49E-03	6.99E-03
0.07436	-1.82E-03	6.33E-03
0.0744	-2.14E-03	6.66E-03
0.07444	-1.49E-03	6.33E-03
0.07448	-2.79E-03	6.99E-03
0.07452	-2.47E-03	6.01E-03
0.07456	-1.82E-03	6.01E-03
0.0746	-2.79E-03	6.33E-03
0.07464	-1.49E-03	6.33E-03
0.07468	-1.82E-03	6.99E-03
0.07472	-3.12E-03	5.36E-03
0.07476	-1.82E-03	6.66E-03
0.0748	-2.14E-03	6.33E-03
0.07484	-2.14E-03	6.01E-03
0.07488	-2.14E-03	6.33E-03
0.07492	-2.47E-03	6.66E-03
0.07496	-2.14E-03	5.36E-03
0.075	8.33E-01	8.62E-03
0.07504	9.97E-01	1.87E-02
0.07508	9.97E-01	2.88E-02
0.07512	9.97E-01	3.67E-02
0.07516	9.98E-01	4.58E-02
0.0752	9.97E-01	5.43E-02
0.07524	9.97E-01	6.24E-02
0.07528	9.97E-01	7.06E-02
0.07532	9.97E-01	7.90E-02
0.07536	9.97E-01	8.65E-02
0.0754	9.98E-01	9.44E-02
0.07544	9.97E-01	1.02E-01
0.07548	9.97E-01	1.10E-01
0.07552	9.97E-01	1.18E-01
0.07556	9.97E-01	1.25E-01
0.0756	9.97E-01	1.32E-01
0.07564	9.97E-01	1.40E-01
0.07568	9.97E-01	1.47E-01
0.07572	9.97E-01	1.54E-01
0.07576	9.98E-01	1.61E-01
0.0758	9.97E-01	1.68E-01
0.07584	9.96E-01	1.76E-01
0.07588	9.97E-01	1.82E-01
0.07592	9.97E-01	1.89E-01
0.07596	9.98E-01	1.96E-01
0.076	9.97E-01	2.03E-01
0.07604	9.98E-01	2.09E-01
0.07608	9.97E-01	2.15E-01
0.07612	9.97E-01	2.22E-01
0.07616	9.97E-01	2.28E-01
0.0762	9.97E-01	2.35E-01
0.07624	9.97E-01	2.41E-01
0.07628	9.98E-01	2.48E-01
0.07632	9.97E-01	2.53E-01
0.07636	9.97E-01	2.59E-01
0.0764	9.97E-01	2.66E-01
0.07644	9.98E-01	2.71E-01
0.07648	9.98E-01	2.77E-01
0.07652	9.97E-01	2.83E-01
0.07656	9.97E-01	2.90E-01
0.0766	9.97E-01	2.95E-01
0.07664	9.97E-01	3.00E-01
0.07668	9.97E-01	3.07E-01
0.07672	9.96E-01	3.12E-01
0.07676	9.97E-01	3.17E-01
0.0768	9.97E-01	3.23E-01
0.07684	9.98E-01	3.29E-01
0.07688	9.97E-01	3.34E-01
0.07692	9.98E-01	3.40E-01
0.07696	9.97E-01	3.45E-01
0.077	9.98E-01	3.51E-01
0.07704	9.97E-01	3.55E-01
0.07708	9.98E-01	3.61E-01
0.07712	9.98E-01	3.67E-01
0.07716	9.97E-01	3.71E-01
0.0772	9.97E-01	3.76E-01
0.07724	9.97E-01	3.81E-01
0.07728	9.97E-01	3.86E-01
0.07732	9.97E-01	3.91E-01
0.07736	9.98E-01	3.96E-01
0.0774	9.97E-01	4.01E-01
0.07744	9.97E-01	4.06E-01
0.07748	9.97E-01	4.10E-01
0.07752	9.97E-01	4.15E-01
0.07756	9.97E-01	4.20E-01
0.0776	9.98E-01	4.25E-01
0.07764	9.97E-01	4.29E-01
0.07768	9.96E-01	4.34E-01
0.07772	9.97E-01	4.39E-01
0.07776	9.97E-01	4.44E-01
0.0778	9.97E-01	4.48E-01
0.07784	9.97E-01	4.52E-01
0.07788	9.98E-01	4.57E-01
0.07792	9.97E-01	4.61E-01
0.07796	9.97E-01	4.65E-01
0.078	9.97E-01	4.69E-01
0.07804	9.97E-01	4.74E-01
0.07808	9.97E-01	4.79E-01
0.07812	9.97E-01	4.82E-01
0.07816	9.97E-01	4.86E-01
0.0782	9.97E-01	4.90E-01
0.07824	9.97E-01	4.94E-01
0.07828	9.97E-01	4.99E-01
0.07832	9.97E-01	5.03E-01
0.07836	9.97E-01	5.06E-01
0.0784	9.97E-01	5.11E-01
0.07844	9.97E-01	5.15E-01
0.07848	9.98E-01	5.18E-01
0.07852	9.98E-01	5.23E-01
0.07856	9.96E-01	5.26E-01
0.0786	9.97E-01	5.30E-01
0.07864	9.98E-01	5.33E-01
0.07868	9.96E-01	5.37E-01
0.07872	9.97E-01	5.42E-01
0.07876	9.97E-01	5.44E-01
0.0788	9.98E-01	5.49E-01
0.07884	9.97E-01	5.52E-01
0.07888	9.97E-01	5.56E-01
0.07892	9.98E-01	5.59E-01
0.07896	9.97E-01	5.63E-01
0.079	9.98E-01	5.66E-01
0.07904	9.97E-01	5.70E-01
0.07908	9.98E-01	5.73E-01
0.07912	9.97E-01	5.77E-01
0.07916	9.97E-01	5.80E-01
0.0792	9.98E-01	5.83E-01
0.07924	9.97E-01	5.87E-01
0.07928	9.97E-01	5.91E-01
0.07932	9.98E-01	5.93E-01
0.07936	9.96E-01	5.96E-01
0.0794	9.97E-01	5.99E-01
0.07944	9.98E-01	6.03E-01
0.07948	9.97E-01	6.06E-01
0.07952	9.97E-01	6.09E-01
0.07956	9.97E-01	6.12E-01
0.0796	9.97E-01	6.16E-01
0.07964	9.97E-01	6.18E-01
0.07968	9.97E-01	6.21E-01
0.07972	9.97E-01	6.25E-01
0.07976	9.98E-01	6.28E-01
0.0798	9.97E-01	6.30E-01
0.07984	9.97E-01	6.33E-01
0.07988	9.97E-01	6.36E-01
0.07992	9.98E-01	6.39E-01
0.07996	9.97E-01	6.42E-01
0.08	9.97E-01	6.44E-01
0.08004	9.98E-01	6.48E-01
0.08008	9.97E-01	6.51E-01
0.08012	9.97E-01	6.53E-01
0.08016	9.97E-01	6.56E-01
0.0802	9.97E-01	6.58E-01
0.08024	9.98E-01	6.61E-01
0.08028	9.97E-01	6.64E-01
0.08032	9.97E-01	6.66E-01
0.08036	9.97E-01	6.70E-01
0.0804	9.97E-01	6.72E-01
0.08044	9.97E-01	6.74E-01
0.08048	9.96E-01	6.77E-01
0.08052	9.97E-01	6.80E-01
0.08056	9.97E-01	6.82E-01
0.0806	9.97E-01	6.85E-01
0.08064	9.97E-01	6.87E-01
0.08068	9.97E-01	6.89E-01
0.08072	9.97E-01	6.93E-01
0.08076	9.98E-01	6.94E-01
0.0808	9.98E-01	6.97E-01
0.08084	9.97E-01	7.00E-01
0.08088	9.97E-01	7.02E-01
0.08092	9.97E-01	7.05E-01
0.08096	9.97E-01	7.06E-01
0.081	9.97E-01	7.09E-01
0.08104	9.96E-01	7.11E-01
0.08108	9.96E-01	7.13E-01
0.08112	9.97E-01	7.15E-01
0.08116	9.98E-01	7.18E-01
0.0812	9.97E-01	7.21E-01
0.08124	9.97E-01	7.23E-01
0.08128	9.97E-01	7.24E-01
0.08132	9.97E-01	7.27E-01
0.08136	9.97E-01	7.29E-01
0.0814	9.98E-01	7.32E-01
0.08144	9.98E-01	7.33E-01
0.08148	9.97E-01	7.35E-01
0.08152	9.97E-01	7.38E-01
0.08156	9.97E-01	7.40E-01
0.0816	9.97E-01	7.41E-01
0.08164	9.97E-01	7.43E-01
0.08168	9.97E-01	7.45E-01
0.08172	9.97E-01	7.48E-01
0.08176	9.97E-01	7.50E-01
0.0818	9.97E-01	7.52E-01
0.08184	9.96E-01	7.53E-01
0.08188	9.98E-01	7.55E-01
0.08192	9.97E-01	7.57E-01
0.08196	9.97E-01	7.58E-01
0.082	9.98E-01	7.61E-01
0.08204	9.97E-01	7.63E-01
0.08208	9.97E-01	7.65E-01
0.08212	9.97E-01	7.66E-01
0.08216	9.97E-01	7.69E-01
0.0822	9.97E-01	7.70E-01
0.08224	9.97E-01	7.72E-01
0.08228	9.97E-01	7.74E-01
0.08232	9.97E-01	7.76E-01
0.08236	9.98E-01	7.77E-01
0.0824	9.97E-01	7.79E-01
0.08244	9.97E-01	7.81E-01
0.08248	9.98E-01	7.83E-01
0.08252	9.97E-01	7.84E-01
0.08256	9.97E-01	7.85E-01
0.0826	9.97E-01	7.87E-01
0.08264	9.98E-01	7.89E-01
0.08268	9.98E-01	7.90E-01
0.08272	9.96E-01	7.92E-01
0.08276	9.98E-01	7.94E-01
0.0828	9.96E-01	7.96E-01
0.08284	9.97E-01	7.98E-01
0.08288	9.97E-01	7.98E-01
0.08292	9.97E-01	8.00E-01
0.08296	9.97E-01	8.02E-01
0.083	9.98E-01	8.04E-01
0.08304	9.97E-01	8.05E-01
0.08308	9.97E-01	8.07E-01
0.08312	9.97E-01	8.09E-01
0.08316	9.97E-01	8.10E-01
0.0832	9.98E-01	8.12E-01
0.08324	9.97E-01	8.13E-01
0.08328	9.97E-01	8.14E-01
0.08332	9.97E-01	8.16E-01
0.08336	9.98E-01	8.16E-01
0.0834	9.97E-01	8.18E-01
0.08344	9.97E-01	8.20E-01
0.08348	9.96E-01	8.21E-01
0.08352	9.97E-01	8.22E-01
0.08356	9.97E-01	8.24E-01
0.0836	9.98E-01	8.25E-01
0.08364	9.98E-01	8.26E-01
0.08368	9.97E-01	8.28E-01
0.08372	9.98E-01	8.29E-01
0.08376	9.97E-01	8.30E-01
0.0838	9.97E-01	8.32E-01
0.08384	9.97E-01	8.33E-01
0.08388	9.97E-01	8.34E-01
0.08392	9.98E-01	8.36E-01
0.08396	9.97E-01	8.37E-01
0.084	9.97E-01	8.38E-01
0.08404	9.97E-01	8.39E-01
0.08408	9.98E-01	8.41E-01
0.08412	9.97E-01	8.42E-01
0.08416	9.96E-01	8.44E-01
0.0842	9.97E-01	8.44E-01
0.08424	9.97E-01	8.45E-01
0.08428	9.97E-01	8.47E-01
0.08432	9.97E-01	8.48E-01
0.08436	9.97E-01	8.49E-01
0.0844	9.98E-01	8.51E-01
0.08444	9.98E-01	8.52E-01
0.08448	9.97E-01	8.53E-01
0.08452	9.98E-01	8.55E-01
0.08456	9.97E-01	8.55E-01
0.0846	9.98E-01	8.57E-01
0.08464	9.97E-01	8.58E-01
0.08468	9.97E-01	8.58E-01
0.08472	9.97E-01	8.59E-01
0.08476	9.97E-01	8.60E-01
0.0848	9.99E-01	8.61E-01
0.08484	9.96E-01	8.63E-01
0.08488	9.97E-01	8.63E-01
0.08492	9.96E-01	8.65E-01
0.08496	9.97E-01	8.66E-01
0.085	9.97E-01	8.67E-01
0.08504	9.97E-01	8.67E-01
0.08508	9.98E-01	8.69E-01
0.08512	9.98E-01	8.70E-01
0.08516	9.97E-01	8.71E-01
0.0852	9.97E-01	8.72E-01
0.08524	9.97E-01	8.73E-01
0.08528	9.97E-01	8.73E-01
0.08532	9.97E-01	8.76E-01
0.08536	9.97E-01	8.75E-01
0.0854	9.98E-01	8.76E-01
0.08544	9.97E-01	8.78E-01
0.08548	9.97E-01	8.79E-01
0.08552	9.97E-01	8.80E-01
0.08556	9.97E-01	8.80E-01
0.0856	9.97E-01	8.82E-01
0.08564	9.97E-01	8.82E-01
0.08568	9.97E-01	8.83E-01
0.08572	9.97E-01	8.84E-01
0.08576	9.97E-01	8.85E-01
0.0858	9.97E-01	8.85E-01
0.08584	9.98E-01	8.87E-01
0.08588	9.97E-01	8.87E-01
0.08592	9.97E-01	8.88E-01
0.08596	9.98E-01	8.89E-01
0.086	9.96E-01	8.90E-01
0.08604	9.97E-01	8.91E-01
0.08608	9.97E-01	8.91E-01
0.08612	9.97E-01	8.93E-01
0.08616	9.97E-01	8.93E-01
0.0862	9.98E-01	8.94E-01
0.08624	9.97E-01	8.95E-01
0.08628	9.98E-01	8.96E-01
0.08632	9.98E-01	8.97E-01
0.08636	9.97E-01	8.97E-01
0.0864	9.97E-01	8.98E-01
0.08644	9.98E-01	8.99E-01
0.08648	9.96E-01	9.00E-01
0.08652	9.97E-01	9.01E-01
0.08656	9.97E-01	9.02E-01
0.0866	9.97E-01	9.02E-01
0.08664	9.98E-01	9.03E-01
0.08668	9.97E-01	9.04E-01
0.08672	9.97E-01	9.04E-01
0.08676	9.97E-01	9.05E-01
0.0868	9.97E-01	9.06E-01
0.08684	9.97E-01	9.05E-01
0.08688	9.98E-01	9.07E-01
0.08692	9.97E-01	9.08E-01
0.08696	9.97E-01	9.09E-01
0.087	9.97E-01	9.09E-01
0.08704	9.98E-01	9.10E-01
0.08708	9.97E-01	9.11E-01
0.08712	9.97E-01	9.11E-01
0.08716	9.98E-01	9.12E-01
0.0872	9.97E-01	9.13E-01
0.08724	9.98E-01	9.13E-01
0.08728	9.97E-01	9.14E-01
0.08732	9.97E-01	9.15E-01
0.08736	9.96E-01	9.15E-01
0.0874	9.98E-01	9.16E-01
0.08744	9.98E-01	9.17E-01
0.08748	9.96E-01	9.17E-01
0.08752	9.99E-01	9.18E-01
0.08756	9.98E-01	9.18E-01
0.0876	9.97E-01	9.19E-01
0.08764	9.98E-01	9.19E-01
0.08768	9.98E-01	9.20E-01
0.08772	9.97E-01	9.21E-01
0.08776	9.97E-01	9.21E-01
0.0878	9.98E-01	9.21E-01
0.08784	9.98E-01	9.22E-01
0.08788	9.97E-01	9.23E-01
0.08792	9.97E-01	9.24E-01
0.08796	9.97E-01	9.24E-01
0.088	9.97E-01	9.24E-01
0.08804	9.97E-01	9.26E-01
0.08808	9.97E-01	9.25E-01
0.08812	9.97E-01	9.26E-01
0.08816	9.97E-01	9.28E-01
0.0882	9.97E-01	9.28E-01
0.08824	9.96E-01	9.28E-01
0.08828	9.97E-01	9.29E-01
0.08832	9.97E-01	9.29E-01
0.08836	9.97E-01	9.30E-01
0.0884	9.97E-01	9.30E-01
0.08844	9.97E-01	9.30E-01
0.08848	9.98E-01	9.31E-01
0.08852	9.97E-01	9.32E-01
0.08856	9.97E-01	9.32E-01
0.0886	9.97E-01	9.33E-01
0.08864	9.97E-01	9.33E-01
0.08868	9.97E-01	9.34E-01
0.08872	9.96E-01	9.34E-01
0.08876	9.97E-01	9.35E-01
0.0888	9.97E-01	9.35E-01
0.08884	9.97E-01	9.36E-01
0.08888	9.98E-01	9.36E-01
0.08892	9.98E-01	9.37E-01
0.08896	9.97E-01	9.37E-01
0.089	9.97E-01	9.37E-01
0.08904	9.97E-01	9.38E-01
0.08908	9.97E-01	9.39E-01
0.08912	9.97E-01	9.39E-01
0.08916	9.98E-01	9.40E-01
0.0892	9.97E-01	9.40E-01
0.08924	9.98E-01	9.39E-01
0.08928	9.97E-01	9.41E-01
0.08932	9.97E-01	9.41E-01
0.08936	9.97E-01	9.41E-01
0.0894	9.98E-01	9.42E-01
0.08944	9.97E-01	9.42E-01
0.08948	9.97E-01	9.44E-01
0.08952	9.97E-01	9.44E-01
0.08956	9.97E-01	9.44E-01
0.0896	9.97E-01	9.44E-01
0.08964	9.97E-01	9.45E-01
0.08968	9.97E-01	9.45E-01
0.08972	9.97E-01	9.46E-01
0.08976	9.97E-01	9.46E-01
0.0898	9.97E-01	9.47E-01
0.08984	9.97E-01	9.47E-01
0.08988	9.97E-01	9.47E-01
0.08992	9.97E-01	9.47E-01
0.08996	9.98E-01	9.48E-01
0.09	9.97E-01	9.48E-01
0.09004	9.98E-01	9.48E-01
0.09008	9.97E-01	9.49E-01
0.09012	9.97E-01	9.49E-01
0.09016	9.97E-01	9.50E-01
0.0902	9.98E-01	9.50E-01
0.09024	9.97E-01	9.51E-01
0.09028	9.98E-01	9.50E-01
0.09032	9.97E-01	9.51E-01
0.09036	9.97E-01	9.50E-01
0.0904	9.97E-01	9.51E-01
0.09044	9.98E-01	9.52E-01
0.09048	9.99E-01	9.52E-01
0.09052	9.98E-01	9.53E-01
0.09056	9.96E-01	9.53E-01
0.0906	9.98E-01	9.53E-01
0.09064	9.97E-01	9.54E-01
0.09068	9.97E-01	9.54E-01
0.09072	9.97E-01	9.54E-01
0.09076	9.96E-01	9.55E-01
0.0908	9.98E-01	9.55E-01
0.09084	9.96E-01	9.55E-01
0.09088	9.98E-01	9.56E-01
0.09092	9.97E-01	9.56E-01
0.09096	9.97E-01	9.56E-01
0.091	9.97E-01	9.56E-01
0.09104	9.97E-01	9.58E-01
0.09108	9.97E-01	9.57E-01
0.09112	9.97E-01	9.58E-01
0.09116	9.97E-01	9.58E-01
0.0912	9.97E-01	9.58E-01
0.09124	9.97E-01	9.58E-01
0.09128	9.98E-01	9.59E-01
0.09132	9.97E-01	9.59E-01
0.09136	9.97E-01	9.59E-01
0.0914	9.97E-01	9.59E-01
0.09144	9.98E-01	9.60E-01
0.09148	9.98E-01	9.61E-01
0.09152	9.97E-01	9.60E-01
0.09156	9.98E-01	9.61E-01
0.0916	9.97E-01	9.61E-01
0.09164	9.97E-01	9.61E-01
0.09168	9.98E-01	9.62E-01
0.09172	9.97E-01	9.62E-01
0.09176	9.97E-01	9.62E-01
0.0918	9.97E-01	9.63E-01
0.09184	9.98E-01	9.62E-01
0.09188	9.97E-01	9.62E-01
0.09192	9.97E-01	9.64E-01
0.09196	9.97E-01	9.63E-01
0.092	9.97E-01	9.64E-01
0.09204	9.98E-01	9.63E-01
0.09208	9.98E-01	9.64E-01
0.09212	9.97E-01	9.64E-01
0.09216	9.98E-01	9.65E-01
0.0922	9.97E-01	9.65E-01
0.09224	9.97E-01	9.66E-01
0.09228	9.98E-01	9.66E-01
0.09232	9.97E-01	9.65E-01
0.09236	9.97E-01	9.65E-01
0.0924	9.98E-01	9.67E-01
0.09244	9.97E-01	9.67E-01
0.09248	9.97E-01	9.67E-01
0.09252	9.97E-01	9.66E-01
0.09256	9.97E-01	9.67E-01
0.0926	9.97E-01	9.67E-01
0.09264	9.97E-01	9.67E-01
0.09268	9.96E-01	9.68E-01
0.09272	9.97E-01	9.68E-01
0.09276	9.97E-01	9.68E-01
0.0928	9.97E-01	9.68E-01
0.09284	9.97E-01	9.69E-01
0.09288	9.97E-01	9.69E-01
0.09292	9.97E-01	9.69E-01
0.09296	9.98E-01	9.69E-01
0.093	9.98E-01	9.70E-01
0.09304	9.96E-01	9.70E-01
0.09308	9.97E-01	9.70E-01
0.09312	9.97E-01	9.70E-01
0.09316	9.97E-01	9.70E-01
0.0932	9.97E-01	9.71E-01
0.09324	9.97E-01	9.70E-01
0.09328	9.97E-01	9.71E-01
0.09332	9.97E-01	9.70E-01
0.09336	9.97E-01	9.72E-01
0.0934	9.97E-01	9.71E-01
0.09344	9.97E-01	9.72E-01
0.09348	9.97E-01	9.72E-01
0.09352	9.97E-01	9.72E-01
0.09356	9.97E-01	9.72E-01
0.0936	9.97E-01	9.72E-01
0.09364	9.98E-01	9.72E-01
0.09368	9.96E-01	9.72E-01
0.09372	9.97E-01	9.73E-01
0.09376	9.97E-01	9.74E-01
0.0938	9.97E-01	9.74E-01
0.09384	9.97E-01	9.73E-01
0.09388	9.97E-01	9.73E-01
0.09392	9.97E-01	9.74E-01
0.09396	9.97E-01	9.74E-01
0.094	9.97E-01	9.74E-01
0.09404	9.97E-01	9.75E-01
0.09408	9.97E-01	9.75E-01
0.09412	9.97E-01	9.75E-01
0.09416	9.97E-01	9.75E-01
0.0942	9.97E-01	9.74E-01
0.09424	9.98E-01	9.75E-01
0.09428	9.97E-01	9.76E-01
0.09432	9.97E-01	9.77E-01
0.09436	9.97E-01	9.76E-01
0.0944	9.97E-01	9.76E-01
0.09444	9.97E-01	9.76E-01
0.09448	9.97E-01	9.77E-01
0.09452	9.97E-01	9.77E-01
0.09456	9.97E-01	9.77E-01
0.0946	9.97E-01	9.77E-01
0.09464	9.98E-01	9.77E-01
0.09468	9.98E-01	9.77E-01
0.09472	9.97E-01	9.77E-01
0.09476	9.97E-01	9.77E-01
0.0948	9.97E-01	9.77E-01
0.09484	9.98E-01	9.77E-01
0.09488	9.97E-01	9.78E-01
0.09492	9.97E-01	9.78E-01
0.09496	9.97E-01	9.78E-01
0.095	9.97E-01	9.78E-01
0.09504	9.97E-01	9.78E-01
0.09508	9.96E-01	9.78E-01
0.09512	9.97E-01	9.79E-01
0.09516	9.97E-01	9.79E-01
0.0952	9.97E-01	9.79E-01
0.09524	9.97E-01	9.78E-01
0.09528	9.97E-01	9.79E-01
0.09532	9.97E-01	9.79E-01
0.09536	9.97E-01	9.80E-01
0.0954	9.98E-01	9.79E-01
0.09544	9.97E-01	9.80E-01
0.09548	9.97E-01	9.79E-01
0.09552	9.98E-01	9.79E-01
0.09556	9.98E-01	9.79E-01
0.0956	9.97E-01	9.80E-01
0.09564	9.98E-01	9.81E-01
0.09568	9.98E-01	9.81E-01
0.09572	9.97E-01	9.80E-01
0.09576	9.98E-01	9.81E-01
0.0958	9.97E-01	9.81E-01
0.09584	9.98E-01	9.81E-01
0.09588	9.98E-01	9.80E-01
0.09592	9.98E-01	9.81E-01
0.09596	9.97E-01	9.82E-01
0.096	9.97E-01	9.81E-01
0.09604	9.97E-01	9.81E-01
0.09608	9.98E-01	9.82E-01
0.09612	9.98E-01	9.81E-01
0.09616	9.98E-01	9.82E-01
0.0962	9.97E-01	9.81E-01
0.09624	9.97E-01	9.82E-01
0.09628	9.97E-01	9.83E-01
0.09632	9.97E-01	9.82E-01
0.09636	9.97E-01	9.82E-01
0.0964	9.97E-01	9.82E-01
0.09644	9.97E-01	9.82E-01
0.09648	9.97E-01	9.83E-01
0.09652	9.97E-01	9.82E-01
0.09656	9.97E-01	9.83E-01
0.0966	9.96E-01	9.83E-01
0.09664	9.97E-01	9.83E-01
0.09668	9.96E-01	9.83E-01
0.09672	9.97E-01	9.84E-01
0.09676	9.97E-01	9.84E-01
0.0968	9.97E-01	9.83E-01
0.09684	9.98E-01	9.84E-01
0.09688	9.97E-01	9.83E-01
0.09692	9.97E-01	9.84E-01
0.09696	9.98E-01	9.84E-01
0.097	9.97E-01	9.84E-01
0.09704	9.97E-01	9.83E-01
0.09708	9.98E-01	9.84E-01
0.09712	9.97E-01	9.83E-01
0.09716	9.97E-01	9.84E-01
0.0972	9.97E-01	9.84E-01
0.09724	9.98E-01	9.85E-01
0.09728	9.97E-01	9.85E-01
0.09732	9.97E-01	9.85E-01
0.09736	9.98E-01	9.85E-01
0.0974	9.97E-01	9.85E-01
0.09744	9.97E-01	9.85E-01
0.09748	9.97E-01	9.85E-01
0.09752	9.97E-01	9.84E-01
0.09756	9.97E-01	9.85E-01
0.0976	9.98E-01	9.85E-01
0.09764	9.97E-01	9.85E-01
0.09768	9.97E-01	9.85E-01
0.09772	9.98E-01	9.87E-01
0.09776	9.97E-01	9.86E-01
0.0978	9.97E-01	9.85E-01
0.09784	9.98E-01	9.86E-01
0.09788	9.97E-01	9.85E-01
0.09792	9.97E-01	9.86E-01
0.09796	9.97E-01	9.87E-01
0.098	9.97E-01	9.87E-01
0.09804	9.97E-01	9.86E-01
0.09808	9.97E-01	9.86E-01
0.09812	9.98E-01	9.86E-01
0.09816	9.98E-01	9.88E-01
0.0982	9.97E-01	9.86E-01
0.09824	9.98E-01	9.87E-01
0.09828	9.97E-01	9.87E-01
0.09832	9.97E-01	9.86E-01
0.09836	9.97E-01	9.87E-01
0.0984	9.96E-01	9.87E-01
0.09844	9.98E-01	9.87E-01
0.09848	9.98E-01	9.87E-01
0.09852	9.97E-01	9.87E-01
0.09856	9.98E-01	9.87E-01
0.0986	9.98E-01	9.87E-01
0.09864	9.98E-01	9.87E-01
0.09868	9.98E-01	9.87E-01
0.09872	9.97E-01	9.87E-01
0.09876	9.97E-01	9.88E-01
0.0988	9.97E-01	9.87E-01
0.09884	9.97E-01	9.88E-01
0.09888	9.98E-01	9.88E-01
0.09892	9.97E-01	9.88E-01
0.09896	9.98E-01	9.88E-01
0.099	9.98E-01	9.88E-01
0.09904	9.97E-01	9.89E-01
0.09908	9.97E-01	9.88E-01
0.09912	9.98E-01	9.88E-01
0.09916	9.98E-01	9.88E-01
0.0992	9.97E-01	9.88E-01
0.09924	9.98E-01	9.89E-01
0.09928	9.97E-01	9.88E-01
0.09932	9.97E-01	9.88E-01
0.09936	9.97E-01	9.88E-01
0.0994	9.97E-01	9.89E-01
0.09944	9.98E-01	9.89E-01
0.09948	9.98E-01	9.89E-01
0.09952	9.97E-01	9.89E-01
0.09956	9.96E-01	9.89E-01
0.0996	9.97E-01	9.89E-01
0.09964	9.97E-01	9.89E-01
0.09968	9.98E-01	9.89E-01
0.09972	9.97E-01	9.89E-01
0.09976	9.97E-01	9.89E-01
0.0998	9.97E-01	9.89E-01
0.09984	9.97E-01	9.89E-01
0.09988	9.97E-01	9.89E-01
0.09992	9.97E-01	9.89E-01
0.09996	9.97E-01	9.90E-01
0.1	1.62E-01	9.87E-01